# BLASTX 2.4.0+
# Query: Sample:N1,Pos:40088 <unknown description>
# Database: User specified sequence set (Input: lactobacillus_johnsonii_protein.faa)
# Fields: query id, subject id, % identity, alignment length, mismatches, gap opens, q. start, q. end, s. start, s. end, evalue, bit score
# 44 hits found
Sample:N1,Pos:40088	WP_113886670.1	96.154	52	2	0	3	158	1366	1417	5.81e-24	88.6
Sample:N1,Pos:40088	WP_113886670.1	94.231	52	3	0	3	158	1396	1447	1.87e-23	87.4
Sample:N1,Pos:40088	WP_113886670.1	92.308	52	4	0	3	158	1408	1459	7.60e-23	85.5
Sample:N1,Pos:40088	WP_113886670.1	92.308	52	4	0	3	158	1336	1387	7.75e-23	85.5
Sample:N1,Pos:40088	WP_113886670.1	90.385	52	5	0	3	158	1390	1441	2.49e-22	84.0
Sample:N1,Pos:40088	WP_113886670.1	88.462	52	6	0	3	158	1330	1381	1.01e-21	82.4
Sample:N1,Pos:40088	WP_113886670.1	88.462	52	6	0	3	158	1342	1393	1.03e-21	82.4
Sample:N1,Pos:40088	WP_113886670.1	88.462	52	6	0	3	158	1354	1405	1.03e-21	82.4
Sample:N1,Pos:40088	WP_113886670.1	88.462	52	6	0	3	158	1378	1429	1.03e-21	82.4
Sample:N1,Pos:40088	WP_113886670.1	92.000	50	4	0	3	152	1420	1469	1.09e-21	82.4
Sample:N1,Pos:40088	WP_113886670.1	90.196	51	5	0	6	158	1325	1375	1.48e-21	82.0
Sample:N1,Pos:40088	WP_113886670.1	86.538	52	7	0	3	158	1402	1453	3.33e-21	80.9
Sample:N1,Pos:40088	WP_113886670.1	86.538	52	7	0	3	158	1414	1465	3.33e-21	80.9
Sample:N1,Pos:40088	WP_113886670.1	86.538	52	7	0	3	158	1360	1411	3.40e-21	80.9
Sample:N1,Pos:40088	WP_113886670.1	86.538	52	7	0	3	158	1372	1423	3.40e-21	80.9
Sample:N1,Pos:40088	WP_113886670.1	86.538	52	7	0	3	158	1384	1435	3.40e-21	80.9
Sample:N1,Pos:40088	WP_113886670.1	86.538	52	7	0	3	158	1348	1399	4.21e-21	80.5
Sample:N1,Pos:40088	WP_113886670.1	77.551	49	11	0	12	158	1321	1369	1.66e-16	67.4
Sample:N1,Pos:40088	WP_113886670.1	59.375	64	26	0	3	194	1432	1495	9.09e-15	62.8
Sample:N1,Pos:40088	WP_113886670.1	66.667	21	7	0	96	158	1319	1339	5.30e-04	26.9
Sample:N1,Pos:40088	WP_113886670.1	92.308	13	1	0	163	201	1336	1348	5.30e-04	26.6
Sample:N1,Pos:40088	WP_113886670.1	92.308	13	1	0	163	201	1354	1366	0.051	26.6
Sample:N1,Pos:40088	WP_113886670.1	92.308	13	1	0	163	201	1366	1378	0.051	26.6
Sample:N1,Pos:40088	WP_113886670.1	92.308	13	1	0	163	201	1390	1402	0.051	26.6
Sample:N1,Pos:40088	WP_113886670.1	92.308	13	1	0	163	201	1408	1420	0.051	26.6
Sample:N1,Pos:40088	WP_113886670.1	92.308	13	1	0	163	201	1420	1432	0.051	26.6
Sample:N1,Pos:40088	WP_113886670.1	92.308	13	1	0	163	201	1438	1450	0.051	26.6
Sample:N1,Pos:40088	WP_113886670.1	92.308	13	1	0	163	201	1450	1462	0.051	26.6
Sample:N1,Pos:40088	WP_113886670.1	92.308	13	1	0	163	201	1396	1408	0.068	26.2
Sample:N1,Pos:40088	WP_113886670.1	92.308	13	1	0	163	201	1426	1438	0.068	26.2
Sample:N1,Pos:40088	WP_113886670.1	84.615	13	2	0	163	201	1348	1360	0.14	25.4
Sample:N1,Pos:40088	WP_113886670.1	84.615	13	2	0	163	201	1330	1342	0.19	25.0
Sample:N1,Pos:40088	WP_113886670.1	84.615	13	2	0	163	201	1342	1354	0.19	25.0
Sample:N1,Pos:40088	WP_113886670.1	84.615	13	2	0	163	201	1360	1372	0.19	25.0
Sample:N1,Pos:40088	WP_113886670.1	84.615	13	2	0	163	201	1372	1384	0.19	25.0
Sample:N1,Pos:40088	WP_113886670.1	84.615	13	2	0	163	201	1402	1414	0.19	25.0
Sample:N1,Pos:40088	WP_113886670.1	84.615	13	2	0	163	201	1414	1426	0.19	25.0
Sample:N1,Pos:40088	WP_113886670.1	84.615	13	2	0	163	201	1432	1444	0.19	25.0
Sample:N1,Pos:40088	WP_113886670.1	84.615	13	2	0	163	201	1444	1456	0.19	25.0
Sample:N1,Pos:40088	WP_113886670.1	84.615	13	2	0	163	201	1456	1468	0.19	25.0
Sample:N1,Pos:40088	WP_113886670.1	76.923	13	3	0	163	201	1378	1390	0.91	23.1
Sample:N1,Pos:40088	WP_113886670.1	76.923	13	3	0	163	201	1384	1396	0.91	23.1
Sample:N1,Pos:40088	WP_113886670.1	83.333	12	2	0	166	201	1325	1336	1.1	23.1
Sample:N1,Pos:40088	WP_086875080.1	37.037	27	17	0	54	134	70	96	4.9	20.8
# BLAST processed 1 queries
