# BLASTX 2.4.0+
# Query: Sample:N1,Pos:40085 <unknown description>
# Database: User specified sequence set (Input: lactobacillus_johnsonii_protein.faa)
# Fields: query id, subject id, % identity, alignment length, mismatches, gap opens, q. start, q. end, s. start, s. end, evalue, bit score
# 44 hits found
Sample:N1,Pos:40085	WP_113886670.1	96.226	53	2	0	3	161	1365	1417	1.82e-24	90.1
Sample:N1,Pos:40085	WP_113886670.1	94.340	53	3	0	3	161	1395	1447	6.22e-24	88.6
Sample:N1,Pos:40085	WP_113886670.1	92.453	53	4	0	3	161	1335	1387	2.48e-23	87.0
Sample:N1,Pos:40085	WP_113886670.1	92.453	53	4	0	3	161	1407	1459	2.55e-23	87.0
Sample:N1,Pos:40085	WP_113886670.1	90.566	53	5	0	3	161	1389	1441	8.46e-23	85.5
Sample:N1,Pos:40085	WP_113886670.1	88.679	53	6	0	3	161	1341	1393	3.37e-22	83.6
Sample:N1,Pos:40085	WP_113886670.1	88.679	53	6	0	3	161	1353	1405	3.37e-22	83.6
Sample:N1,Pos:40085	WP_113886670.1	88.679	53	6	0	3	161	1377	1429	3.37e-22	83.6
Sample:N1,Pos:40085	WP_113886670.1	88.679	53	6	0	3	161	1329	1381	3.47e-22	83.6
Sample:N1,Pos:40085	WP_113886670.1	92.157	51	4	0	3	155	1419	1469	3.58e-22	83.6
Sample:N1,Pos:40085	WP_113886670.1	86.792	53	7	0	3	161	1359	1411	1.12e-21	82.0
Sample:N1,Pos:40085	WP_113886670.1	86.792	53	7	0	3	161	1371	1423	1.12e-21	82.0
Sample:N1,Pos:40085	WP_113886670.1	86.792	53	7	0	3	161	1383	1435	1.12e-21	82.0
Sample:N1,Pos:40085	WP_113886670.1	86.792	53	7	0	3	161	1401	1453	1.15e-21	82.0
Sample:N1,Pos:40085	WP_113886670.1	86.792	53	7	0	3	161	1413	1465	1.15e-21	82.0
Sample:N1,Pos:40085	WP_113886670.1	86.792	53	7	0	3	161	1347	1399	1.39e-21	82.0
Sample:N1,Pos:40085	WP_113886670.1	90.196	51	5	0	9	161	1325	1375	1.87e-21	81.6
Sample:N1,Pos:40085	WP_113886670.1	77.551	49	11	0	15	161	1321	1369	2.10e-16	67.4
Sample:N1,Pos:40085	WP_113886670.1	60.000	65	26	0	3	197	1431	1495	2.87e-15	63.9
Sample:N1,Pos:40085	WP_113886670.1	66.667	21	7	0	99	161	1319	1339	0.002	26.6
Sample:N1,Pos:40085	WP_113886670.1	91.667	12	1	0	166	201	1336	1347	0.002	25.0
Sample:N1,Pos:40085	WP_113886670.1	91.667	12	1	0	166	201	1354	1365	0.18	25.0
Sample:N1,Pos:40085	WP_113886670.1	91.667	12	1	0	166	201	1366	1377	0.18	25.0
Sample:N1,Pos:40085	WP_113886670.1	91.667	12	1	0	166	201	1390	1401	0.18	25.0
Sample:N1,Pos:40085	WP_113886670.1	91.667	12	1	0	166	201	1408	1419	0.18	25.0
Sample:N1,Pos:40085	WP_113886670.1	91.667	12	1	0	166	201	1420	1431	0.18	25.0
Sample:N1,Pos:40085	WP_113886670.1	91.667	12	1	0	166	201	1438	1449	0.18	25.0
Sample:N1,Pos:40085	WP_113886670.1	91.667	12	1	0	166	201	1450	1461	0.18	25.0
Sample:N1,Pos:40085	WP_113886670.1	91.667	12	1	0	166	201	1396	1407	0.24	24.6
Sample:N1,Pos:40085	WP_113886670.1	91.667	12	1	0	166	201	1426	1437	0.24	24.6
Sample:N1,Pos:40085	WP_113886670.1	83.333	12	2	0	166	201	1348	1359	0.50	23.9
Sample:N1,Pos:40085	WP_113886670.1	83.333	12	2	0	166	201	1330	1341	0.67	23.5
Sample:N1,Pos:40085	WP_113886670.1	83.333	12	2	0	166	201	1342	1353	0.67	23.5
Sample:N1,Pos:40085	WP_113886670.1	83.333	12	2	0	166	201	1360	1371	0.67	23.5
Sample:N1,Pos:40085	WP_113886670.1	83.333	12	2	0	166	201	1372	1383	0.67	23.5
Sample:N1,Pos:40085	WP_113886670.1	83.333	12	2	0	166	201	1402	1413	0.67	23.5
Sample:N1,Pos:40085	WP_113886670.1	83.333	12	2	0	166	201	1414	1425	0.67	23.5
Sample:N1,Pos:40085	WP_113886670.1	83.333	12	2	0	166	201	1432	1443	0.67	23.5
Sample:N1,Pos:40085	WP_113886670.1	83.333	12	2	0	166	201	1444	1455	0.67	23.5
Sample:N1,Pos:40085	WP_113886670.1	83.333	12	2	0	166	201	1456	1467	0.67	23.5
Sample:N1,Pos:40085	WP_113886670.1	75.000	12	3	0	166	201	1378	1389	3.1	21.6
Sample:N1,Pos:40085	WP_113886670.1	75.000	12	3	0	166	201	1384	1395	3.1	21.6
Sample:N1,Pos:40085	WP_113886670.1	81.818	11	2	0	169	201	1325	1335	4.1	21.2
Sample:N1,Pos:40085	WP_086875080.1	37.037	27	17	0	57	137	70	96	4.7	21.2
# BLAST processed 1 queries
