# BLASTX 2.4.0+
# Query: Sample:N1,Pos:40118 <unknown description>
# Database: User specified sequence set (Input: lactobacillus_johnsonii_protein.faa)
# Fields: query id, subject id, % identity, alignment length, mismatches, gap opens, q. start, q. end, s. start, s. end, evalue, bit score
# 51 hits found
Sample:N1,Pos:40118	WP_113886670.1	95.238	42	2	0	3	128	1406	1447	5.04e-19	72.8
Sample:N1,Pos:40118	WP_113886670.1	93.750	16	1	0	133	180	1450	1465	5.04e-19	32.3
Sample:N1,Pos:40118	WP_113886670.1	95.238	42	2	0	3	128	1376	1417	5.17e-19	72.4
Sample:N1,Pos:40118	WP_113886670.1	93.750	16	1	0	133	180	1420	1435	5.17e-19	32.3
Sample:N1,Pos:40118	WP_113886670.1	92.857	42	3	0	3	128	1334	1375	1.52e-18	70.9
Sample:N1,Pos:40118	WP_113886670.1	93.750	16	1	0	133	180	1390	1405	1.52e-18	32.3
Sample:N1,Pos:40118	WP_113886670.1	90.476	42	4	0	3	128	1346	1387	4.34e-18	69.3
Sample:N1,Pos:40118	WP_113886670.1	93.750	16	1	0	133	180	1408	1423	4.34e-18	32.3
Sample:N1,Pos:40118	WP_113886670.1	88.095	42	5	0	3	128	1400	1441	1.18e-17	67.8
Sample:N1,Pos:40118	WP_113886670.1	93.750	16	1	0	133	180	1438	1453	1.18e-17	32.3
Sample:N1,Pos:40118	WP_113886670.1	88.095	42	5	0	3	128	1340	1381	1.43e-17	67.8
Sample:N1,Pos:40118	WP_113886670.1	88.095	42	5	0	3	128	1388	1429	1.43e-17	67.8
Sample:N1,Pos:40118	WP_113886670.1	93.750	16	1	0	133	180	1396	1411	1.43e-17	32.3
Sample:N1,Pos:40118	WP_113886670.1	93.750	16	1	0	133	180	1426	1441	1.43e-17	32.3
Sample:N1,Pos:40118	WP_113886670.1	90.476	42	4	0	3	128	1418	1459	3.41e-17	69.3
Sample:N1,Pos:40118	WP_113886670.1	88.095	42	5	0	3	128	1352	1393	3.76e-17	67.8
Sample:N1,Pos:40118	WP_113886670.1	87.500	16	2	0	133	180	1402	1417	3.76e-17	30.8
Sample:N1,Pos:40118	WP_113886670.1	85.714	42	6	0	3	128	1394	1435	1.02e-16	66.2
Sample:N1,Pos:40118	WP_113886670.1	87.500	16	2	0	133	180	1432	1447	1.02e-16	30.8
Sample:N1,Pos:40118	WP_113886670.1	85.714	42	6	0	3	128	1364	1405	1.04e-16	66.2
Sample:N1,Pos:40118	WP_113886670.1	85.714	42	6	0	3	128	1370	1411	1.04e-16	66.2
Sample:N1,Pos:40118	WP_113886670.1	87.500	16	2	0	133	180	1414	1429	1.04e-16	30.8
Sample:N1,Pos:40118	WP_113886670.1	87.500	16	2	0	133	180	1444	1459	1.04e-16	30.8
Sample:N1,Pos:40118	WP_113886670.1	85.366	41	6	0	6	128	1329	1369	1.44e-16	64.3
Sample:N1,Pos:40118	WP_113886670.1	93.750	16	1	0	133	180	1366	1381	1.44e-16	32.3
Sample:N1,Pos:40118	WP_113886670.1	85.714	42	6	0	3	128	1412	1453	4.32e-16	66.2
Sample:N1,Pos:40118	WP_113886670.1	85.714	42	6	0	3	128	1424	1465	4.32e-16	66.2
Sample:N1,Pos:40118	WP_113886670.1	85.714	42	6	0	3	128	1382	1423	4.44e-16	66.2
Sample:N1,Pos:40118	WP_113886670.1	90.000	40	4	0	3	122	1430	1469	5.10e-16	66.2
Sample:N1,Pos:40118	WP_113886670.1	83.333	42	7	0	3	128	1358	1399	1.66e-15	64.7
Sample:N1,Pos:40118	WP_113886670.1	87.179	39	5	0	12	128	1325	1363	1.78e-15	62.0
Sample:N1,Pos:40118	WP_113886670.1	87.500	16	2	0	133	180	1360	1375	1.78e-15	30.8
Sample:N1,Pos:40118	WP_113886670.1	78.378	37	8	0	18	128	1321	1357	3.78e-13	52.8
Sample:N1,Pos:40118	WP_113886670.1	93.750	16	1	0	133	180	1354	1369	3.78e-13	32.3
Sample:N1,Pos:40118	WP_113886670.1	53.704	54	25	0	3	164	1442	1495	1.07e-09	48.1
Sample:N1,Pos:40118	WP_113886670.1	93.750	16	1	0	133	180	1336	1351	1.01e-05	32.3
Sample:N1,Pos:40118	WP_113886670.1	66.667	21	7	0	66	128	1319	1339	1.01e-05	26.9
Sample:N1,Pos:40118	WP_113886670.1	87.500	16	2	0	133	180	1348	1363	0.001	30.8
Sample:N1,Pos:40118	WP_113886670.1	87.500	16	2	0	133	180	1330	1345	0.002	30.8
Sample:N1,Pos:40118	WP_113886670.1	87.500	16	2	0	133	180	1342	1357	0.002	30.8
Sample:N1,Pos:40118	WP_113886670.1	86.667	15	2	0	136	180	1325	1339	0.009	28.9
Sample:N1,Pos:40118	WP_113886670.1	81.250	16	3	0	133	180	1378	1393	0.011	28.5
Sample:N1,Pos:40118	WP_113886670.1	81.250	16	3	0	133	180	1384	1399	0.011	28.5
Sample:N1,Pos:40118	WP_113886670.1	81.250	16	3	0	133	180	1372	1387	0.012	28.5
Sample:N1,Pos:40118	WP_113886670.1	85.714	14	2	0	133	174	1456	1469	0.040	26.9
Sample:N1,Pos:40118	WP_004898281.1	40.000	20	12	0	134	193	25	44	2.0	22.3
Sample:N1,Pos:40118	WP_113886625.1	34.211	38	21	1	72	185	518	551	3.8	21.6
Sample:N1,Pos:40118	WP_086875080.1	37.037	27	17	0	24	104	70	96	5.0	20.8
Sample:N1,Pos:40118	WP_023599365.1	55.556	9	4	0	142	168	217	225	7.0	20.8
Sample:N1,Pos:40118	WP_086874545.1	100.000	7	0	0	181	201	18	24	8.7	20.4
Sample:N1,Pos:40118	WP_113886592.1	80.000	10	2	0	128	99	91	100	9.8	20.0
# BLAST processed 1 queries
