# BLASTX 2.4.0+
# Query: Sample:P2,Pos:4676 <unknown description>
# Database: User specified sequence set (Input: clostridium_sporogenes_protein.faa)
# Fields: query id, subject id, % identity, alignment length, mismatches, gap opens, q. start, q. end, s. start, s. end, evalue, bit score
# 62 hits found
Sample:P2,Pos:4676	WP_003490537.1	37.879	66	40	1	6	200	29	94	5.11e-12	54.3
Sample:P2,Pos:4676	WP_033061250.1	38.158	76	37	1	3	200	35	110	9.42e-12	53.5
Sample:P2,Pos:4676	WP_003490952.1	44.615	65	30	1	6	200	23	81	1.63e-10	49.7
Sample:P2,Pos:4676	WP_003490356.1	38.667	75	36	1	6	200	30	104	2.15e-09	47.0
Sample:P2,Pos:4676	WP_003494611.1	37.333	75	37	2	6	200	30	104	2.47e-09	47.0
Sample:P2,Pos:4676	WP_040109210.1	42.647	68	29	1	27	200	37	104	8.90e-09	45.4
Sample:P2,Pos:4676	WP_004461542.1	40.845	71	31	3	6	185	26	96	1.07e-08	45.1
Sample:P2,Pos:4676	WP_003493156.1	39.344	61	33	1	30	200	38	98	2.29e-08	44.3
Sample:P2,Pos:4676	WP_003483065.1	35.135	74	39	1	6	200	25	98	1.50e-07	42.0
Sample:P2,Pos:4676	WP_077272573.1	35.714	70	32	2	6	182	24	91	2.43e-07	41.2
Sample:P2,Pos:4676	WP_003490956.1	38.028	71	34	1	18	200	35	105	5.02e-07	40.4
Sample:P2,Pos:4676	WP_003491121.1	36.842	76	36	2	6	200	29	103	5.09e-07	40.4
Sample:P2,Pos:4676	WP_003493442.1	29.333	75	43	2	6	200	32	106	2.93e-06	38.5
Sample:P2,Pos:4676	WP_040108466.1	29.333	75	43	1	6	200	31	105	3.13e-06	38.1
Sample:P2,Pos:4676	WP_040109546.1	33.750	80	33	2	6	200	29	103	4.98e-06	37.7
Sample:P2,Pos:4676	WP_003492070.1	30.667	75	42	1	6	200	31	105	5.44e-06	37.7
Sample:P2,Pos:4676	WP_052691695.1	40.476	42	25	0	6	131	363	404	6.24e-06	37.4
Sample:P2,Pos:4676	WP_033058457.1	35.821	67	33	1	30	200	38	104	7.80e-06	37.0
Sample:P2,Pos:4676	WP_003491790.1	30.137	73	41	2	6	194	28	100	1.31e-05	36.6
Sample:P2,Pos:4676	WP_003492493.1	31.944	72	37	2	6	188	28	98	4.39e-05	35.0
Sample:P2,Pos:4676	WP_003494485.1	37.681	69	39	3	6	200	24	92	4.46e-05	35.0
Sample:P2,Pos:4676	WP_033058995.1	32.812	64	34	1	30	194	32	95	1.41e-04	33.5
Sample:P2,Pos:4676	WP_046869915.1	28.767	73	45	1	3	200	25	97	1.43e-04	33.5
Sample:P2,Pos:4676	WP_040108163.1	32.812	64	37	1	6	179	24	87	1.52e-04	33.5
Sample:P2,Pos:4676	WP_033059225.1	27.941	68	39	1	27	200	39	106	2.05e-04	33.1
Sample:P2,Pos:4676	WP_003494915.1	31.746	63	30	2	6	164	35	94	2.65e-04	32.7
Sample:P2,Pos:4676	WP_003493351.1	39.474	38	23	0	18	131	30	67	3.55e-04	32.3
Sample:P2,Pos:4676	WP_003492950.1	35.417	48	15	1	18	161	30	61	4.71e-04	32.0
Sample:P2,Pos:4676	WP_045884812.1	27.536	69	39	1	6	179	24	92	4.76e-04	32.0
Sample:P2,Pos:4676	WP_003496432.1	33.333	69	40	2	12	200	27	95	4.90e-04	32.0
Sample:P2,Pos:4676	WP_040108298.1	36.111	36	22	1	6	110	25	60	5.00e-04	32.0
Sample:P2,Pos:4676	WP_040108298.1	33.898	59	33	2	6	164	274	332	0.028	27.3
Sample:P2,Pos:4676	WP_033061228.1	50.000	34	17	0	30	131	42	75	5.55e-04	32.0
Sample:P2,Pos:4676	WP_046869879.1	57.143	21	9	0	6	68	34	54	0.003	29.3
Sample:P2,Pos:4676	WP_003493359.1	30.508	59	35	1	6	164	25	83	0.004	29.6
Sample:P2,Pos:4676	WP_046869919.1	39.062	64	28	3	6	164	26	89	0.004	29.6
Sample:P2,Pos:4676	WP_046869919.1	40.741	27	16	0	30	110	294	320	0.84	23.1
Sample:P2,Pos:4676	WP_040108260.1	31.667	60	40	1	3	179	24	83	0.007	28.9
Sample:P2,Pos:4676	WP_003491106.1	33.824	68	32	2	30	200	32	97	0.008	28.5
Sample:P2,Pos:4676	WP_046869768.1	27.941	68	35	2	33	200	1	66	0.009	28.5
Sample:P2,Pos:4676	WP_040108001.1	43.137	51	21	3	30	179	34	77	0.012	28.1
Sample:P2,Pos:4676	WP_040109198.1	29.167	72	44	2	6	200	29	100	0.014	28.1
Sample:P2,Pos:4676	WP_003492465.1	32.394	71	42	2	6	200	25	95	0.015	28.1
Sample:P2,Pos:4676	WP_040109101.1	29.091	55	39	0	30	194	33	87	0.016	27.7
Sample:P2,Pos:4676	WP_040108247.1	40.000	35	21	0	6	110	27	61	0.018	27.7
Sample:P2,Pos:4676	WP_003495255.1	33.333	48	30	1	3	146	71	116	0.037	26.9
Sample:P2,Pos:4676	WP_134789435.1	36.364	33	21	0	33	131	37	69	0.073	26.2
Sample:P2,Pos:4676	WP_003493221.1	54.545	22	9	1	3	68	154	174	0.20	24.6
Sample:P2,Pos:4676	WP_003358207.1	45.833	24	13	0	18	89	4	27	0.33	24.3
Sample:P2,Pos:4676	WP_033058702.1	27.419	62	40	1	30	200	34	95	0.39	23.9
Sample:P2,Pos:4676	WP_046870095.1	29.032	62	39	1	30	200	34	95	0.65	23.5
Sample:P2,Pos:4676	WP_003496360.1	50.000	16	8	0	24	71	140	155	1.0	22.7
Sample:P2,Pos:4676	WP_003490946.1	50.000	16	8	0	21	68	30	45	1.3	22.7
Sample:P2,Pos:4676	WP_003494692.1	28.571	42	30	0	6	131	25	66	1.5	22.3
Sample:P2,Pos:4676	WP_080941281.1	33.333	45	23	1	27	140	850	894	4.3	21.2
Sample:P2,Pos:4676	WP_046869916.1	33.333	33	20	1	21	119	248	278	4.4	21.2
Sample:P2,Pos:4676	WP_040109418.1	37.500	24	14	1	6	77	1	23	5.1	20.8
Sample:P2,Pos:4676	WP_003496715.1	61.538	13	5	0	30	68	9	21	5.3	20.8
Sample:P2,Pos:4676	WP_040108469.1	39.394	33	17	1	194	96	209	238	5.8	20.8
Sample:P2,Pos:4676	WP_003492847.1	57.143	14	6	0	63	104	79	92	8.7	20.0
Sample:P2,Pos:4676	WP_003493348.1	30.303	33	20	2	100	8	330	361	9.4	20.0
Sample:P2,Pos:4676	WP_003494971.1	54.545	11	5	0	149	181	360	370	9.6	20.0
# BLAST processed 1 queries
