# BLASTX 2.4.0+
# Query: Sample:N2,Pos:40139 <unknown description>
# Database: User specified sequence set (Input: lactobacillus_johnsonii_protein.faa)
# Fields: query id, subject id, % identity, alignment length, mismatches, gap opens, q. start, q. end, s. start, s. end, evalue, bit score
# 48 hits found
Sample:N2,Pos:40139	WP_113886670.1	94.286	35	2	0	3	107	1413	1447	2.20e-16	59.7
Sample:N2,Pos:40139	WP_113886670.1	100.000	17	0	0	109	159	1449	1465	2.20e-16	36.2
Sample:N2,Pos:40139	WP_113886670.1	91.429	35	3	0	3	107	1329	1363	5.80e-16	58.2
Sample:N2,Pos:40139	WP_113886670.1	91.429	35	3	0	3	107	1341	1375	5.80e-16	58.2
Sample:N2,Pos:40139	WP_113886670.1	100.000	17	0	0	109	159	1365	1381	5.80e-16	36.2
Sample:N2,Pos:40139	WP_113886670.1	100.000	17	0	0	109	159	1389	1405	5.80e-16	36.2
Sample:N2,Pos:40139	WP_113886670.1	88.571	35	4	0	3	107	1359	1393	1.69e-15	56.6
Sample:N2,Pos:40139	WP_113886670.1	88.571	35	4	0	3	107	1383	1417	1.69e-15	56.6
Sample:N2,Pos:40139	WP_113886670.1	100.000	17	0	0	109	159	1407	1423	1.69e-15	36.2
Sample:N2,Pos:40139	WP_113886670.1	100.000	17	0	0	109	159	1419	1435	1.69e-15	36.2
Sample:N2,Pos:40139	WP_113886670.1	88.571	35	4	0	3	107	1395	1429	1.82e-15	56.6
Sample:N2,Pos:40139	WP_113886670.1	100.000	17	0	0	109	159	1437	1453	1.82e-15	36.2
Sample:N2,Pos:40139	WP_113886670.1	85.714	35	5	0	3	107	1347	1381	1.22e-14	55.1
Sample:N2,Pos:40139	WP_113886670.1	94.118	17	1	0	109	159	1395	1411	1.22e-14	35.0
Sample:N2,Pos:40139	WP_113886670.1	88.571	35	4	0	3	107	1401	1435	1.27e-14	56.6
Sample:N2,Pos:40139	WP_113886670.1	88.235	17	2	0	109	159	1431	1447	1.27e-14	33.5
Sample:N2,Pos:40139	WP_113886670.1	82.857	35	6	0	3	107	1353	1387	3.54e-14	53.5
Sample:N2,Pos:40139	WP_113886670.1	94.118	17	1	0	109	159	1425	1441	3.54e-14	35.0
Sample:N2,Pos:40139	WP_113886670.1	82.857	35	6	0	3	107	1371	1405	9.71e-14	53.5
Sample:N2,Pos:40139	WP_113886670.1	82.857	35	6	0	3	107	1377	1411	9.71e-14	53.5
Sample:N2,Pos:40139	WP_113886670.1	88.235	17	2	0	109	159	1401	1417	9.71e-14	33.5
Sample:N2,Pos:40139	WP_113886670.1	88.235	17	2	0	109	159	1413	1429	9.71e-14	33.5
Sample:N2,Pos:40139	WP_113886670.1	82.857	35	6	0	3	107	1389	1423	1.04e-13	53.5
Sample:N2,Pos:40139	WP_113886670.1	88.235	17	2	0	109	159	1443	1459	1.04e-13	33.5
Sample:N2,Pos:40139	WP_113886670.1	88.571	35	4	0	3	107	1425	1459	1.65e-13	56.6
Sample:N2,Pos:40139	WP_113886670.1	86.667	15	2	0	109	153	1455	1469	1.65e-13	29.6
Sample:N2,Pos:40139	WP_113886670.1	81.818	33	6	0	9	107	1325	1357	2.07e-13	49.7
Sample:N2,Pos:40139	WP_113886670.1	100.000	17	0	0	109	159	1353	1369	2.07e-13	36.2
Sample:N2,Pos:40139	WP_113886670.1	80.000	35	7	0	3	107	1335	1369	5.02e-13	52.0
Sample:N2,Pos:40139	WP_113886670.1	88.235	17	2	0	109	159	1377	1393	5.02e-13	32.7
Sample:N2,Pos:40139	WP_113886670.1	88.571	35	4	0	3	107	1431	1465	1.19e-12	56.6
Sample:N2,Pos:40139	WP_113886670.1	82.857	35	6	0	3	107	1407	1441	1.50e-11	53.5
Sample:N2,Pos:40139	WP_113886670.1	82.857	35	6	0	3	107	1419	1453	1.50e-11	53.5
Sample:N2,Pos:40139	WP_113886670.1	87.500	32	4	0	3	98	1437	1468	1.50e-11	53.5
Sample:N2,Pos:40139	WP_113886670.1	80.000	35	7	0	3	107	1365	1399	4.41e-11	52.0
Sample:N2,Pos:40139	WP_113886670.1	70.968	31	9	0	15	107	1321	1351	4.32e-10	39.7
Sample:N2,Pos:40139	WP_113886670.1	94.118	17	1	0	109	159	1347	1363	4.32e-10	34.7
Sample:N2,Pos:40139	WP_113886670.1	92.593	27	2	0	3	83	1443	1469	1.49e-09	47.8
Sample:N2,Pos:40139	WP_113886670.1	100.000	17	0	0	109	159	1335	1351	1.86e-05	36.2
Sample:N2,Pos:40139	WP_113886670.1	88.235	17	2	0	109	159	1329	1345	1.94e-04	33.5
Sample:N2,Pos:40139	WP_113886670.1	88.235	17	2	0	109	159	1341	1357	1.94e-04	33.5
Sample:N2,Pos:40139	WP_113886670.1	88.235	17	2	0	109	159	1359	1375	1.94e-04	33.5
Sample:N2,Pos:40139	WP_113886670.1	88.235	17	2	0	109	159	1383	1399	4.02e-04	32.7
Sample:N2,Pos:40139	WP_113886670.1	82.353	17	3	0	109	159	1371	1387	0.001	31.2
Sample:N2,Pos:40139	WP_113886670.1	86.667	15	2	0	115	159	1325	1339	0.006	29.3
Sample:N2,Pos:40139	WP_086874545.1	92.857	14	1	0	160	201	18	31	3.52e-04	32.7
Sample:N2,Pos:40139	WP_113886625.1	36.842	38	20	1	51	164	518	551	2.2	21.9
Sample:N2,Pos:40139	WP_086874599.1	100.000	7	0	0	138	118	332	338	3.4	21.6
# BLAST processed 1 queries
