# BLASTX 2.4.0+
# Query: Sample:N2,Pos:40158 <unknown description>
# Database: User specified sequence set (Input: lactobacillus_johnsonii_protein.faa)
# Fields: query id, subject id, % identity, alignment length, mismatches, gap opens, q. start, q. end, s. start, s. end, evalue, bit score
# 49 hits found
Sample:N2,Pos:40158	WP_113886670.1	93.103	29	2	0	2	88	1389	1417	1.45e-13	50.1
Sample:N2,Pos:40158	WP_113886670.1	93.103	29	2	0	2	88	1419	1447	1.45e-13	50.1
Sample:N2,Pos:40158	WP_113886670.1	100.000	17	0	0	90	140	1419	1435	1.45e-13	36.6
Sample:N2,Pos:40158	WP_113886670.1	100.000	17	0	0	90	140	1449	1465	1.45e-13	36.6
Sample:N2,Pos:40158	WP_113886670.1	89.655	29	3	0	2	88	1335	1363	3.97e-13	48.5
Sample:N2,Pos:40158	WP_113886670.1	89.655	29	3	0	2	88	1347	1375	3.97e-13	48.5
Sample:N2,Pos:40158	WP_113886670.1	100.000	17	0	0	90	140	1365	1381	3.97e-13	36.6
Sample:N2,Pos:40158	WP_113886670.1	100.000	17	0	0	90	140	1389	1405	3.97e-13	36.6
Sample:N2,Pos:40158	WP_113886670.1	86.207	29	4	0	2	88	1329	1357	1.14e-12	47.0
Sample:N2,Pos:40158	WP_113886670.1	86.207	29	4	0	2	88	1353	1381	1.14e-12	47.0
Sample:N2,Pos:40158	WP_113886670.1	86.207	29	4	0	2	88	1401	1429	1.14e-12	47.0
Sample:N2,Pos:40158	WP_113886670.1	100.000	17	0	0	90	140	1353	1369	1.14e-12	36.6
Sample:N2,Pos:40158	WP_113886670.1	100.000	17	0	0	90	140	1407	1423	1.14e-12	36.6
Sample:N2,Pos:40158	WP_113886670.1	100.000	17	0	0	90	140	1437	1453	1.14e-12	36.6
Sample:N2,Pos:40158	WP_113886670.1	86.207	29	4	0	2	88	1365	1393	3.15e-12	46.6
Sample:N2,Pos:40158	WP_113886670.1	94.118	17	1	0	90	140	1395	1411	3.15e-12	35.0
Sample:N2,Pos:40158	WP_113886670.1	86.207	29	4	0	2	88	1407	1435	7.52e-12	47.0
Sample:N2,Pos:40158	WP_113886670.1	88.235	17	2	0	90	140	1431	1447	7.52e-12	33.9
Sample:N2,Pos:40158	WP_113886670.1	82.759	29	5	0	2	88	1395	1423	8.49e-12	45.4
Sample:N2,Pos:40158	WP_113886670.1	94.118	17	1	0	90	140	1425	1441	8.49e-12	35.0
Sample:N2,Pos:40158	WP_113886670.1	82.759	29	5	0	2	88	1413	1441	2.16e-11	45.4
Sample:N2,Pos:40158	WP_113886670.1	88.235	17	2	0	90	140	1443	1459	2.16e-11	33.9
Sample:N2,Pos:40158	WP_113886670.1	82.759	29	5	0	2	88	1359	1387	2.30e-11	45.1
Sample:N2,Pos:40158	WP_113886670.1	82.759	29	5	0	2	88	1383	1411	2.30e-11	45.1
Sample:N2,Pos:40158	WP_113886670.1	88.235	17	2	0	90	140	1401	1417	2.30e-11	33.9
Sample:N2,Pos:40158	WP_113886670.1	88.235	17	2	0	90	140	1413	1429	2.30e-11	33.9
Sample:N2,Pos:40158	WP_113886670.1	86.207	29	4	0	2	88	1431	1459	9.98e-11	47.0
Sample:N2,Pos:40158	WP_113886670.1	86.667	15	2	0	90	134	1455	1469	9.98e-11	30.0
Sample:N2,Pos:40158	WP_113886670.1	79.310	29	6	0	2	88	1341	1369	1.12e-10	43.9
Sample:N2,Pos:40158	WP_113886670.1	88.235	17	2	0	90	140	1377	1393	1.12e-10	32.7
Sample:N2,Pos:40158	WP_113886670.1	77.778	27	6	0	8	88	1325	1351	2.95e-10	40.0
Sample:N2,Pos:40158	WP_113886670.1	94.118	17	1	0	90	140	1347	1363	2.95e-10	35.0
Sample:N2,Pos:40158	WP_113886670.1	86.207	29	4	0	2	88	1437	1465	3.29e-09	47.0
Sample:N2,Pos:40158	WP_113886670.1	82.759	29	5	0	2	88	1425	1453	1.18e-08	45.4
Sample:N2,Pos:40158	WP_113886670.1	88.462	26	3	0	2	79	1443	1468	1.35e-08	45.1
Sample:N2,Pos:40158	WP_113886670.1	79.310	29	6	0	2	88	1371	1399	4.30e-08	43.5
Sample:N2,Pos:40158	WP_113886670.1	79.310	29	6	0	2	88	1377	1405	4.30e-08	43.5
Sample:N2,Pos:40158	WP_113886670.1	90.476	21	2	0	2	64	1449	1469	5.05e-06	37.7
Sample:N2,Pos:40158	WP_113886670.1	100.000	17	0	0	90	140	1335	1351	1.35e-05	36.6
Sample:N2,Pos:40158	WP_113886670.1	63.158	19	7	0	32	88	1321	1339	1.35e-05	22.3
Sample:N2,Pos:40158	WP_113886670.1	88.235	17	2	0	90	140	1329	1345	1.47e-04	33.9
Sample:N2,Pos:40158	WP_113886670.1	88.235	17	2	0	90	140	1341	1357	1.47e-04	33.9
Sample:N2,Pos:40158	WP_113886670.1	88.235	17	2	0	90	140	1359	1375	1.47e-04	33.9
Sample:N2,Pos:40158	WP_113886670.1	88.235	17	2	0	90	140	1383	1399	3.20e-04	32.7
Sample:N2,Pos:40158	WP_113886670.1	82.353	17	3	0	90	140	1371	1387	0.001	31.2
Sample:N2,Pos:40158	WP_113886670.1	86.667	15	2	0	96	140	1325	1339	0.005	29.6
Sample:N2,Pos:40158	WP_086874545.1	95.000	20	1	0	141	200	18	37	6.29e-09	45.8
Sample:N2,Pos:40158	WP_011161820.1	26.316	19	14	0	138	194	312	330	4.9	21.2
Sample:N2,Pos:40158	WP_086874599.1	100.000	7	0	0	119	99	332	338	5.8	20.8
# BLAST processed 1 queries
