# BLASTX 2.4.0+
# Query: Sample:N2,Pos:40164 <unknown description>
# Database: User specified sequence set (Input: lactobacillus_johnsonii_protein.faa)
# Fields: query id, subject id, % identity, alignment length, mismatches, gap opens, q. start, q. end, s. start, s. end, evalue, bit score
# 50 hits found
Sample:N2,Pos:40164	WP_113886670.1	92.593	27	2	0	2	82	1391	1417	1.04e-12	47.0
Sample:N2,Pos:40164	WP_113886670.1	92.593	27	2	0	2	82	1421	1447	1.04e-12	47.0
Sample:N2,Pos:40164	WP_113886670.1	100.000	17	0	0	84	134	1419	1435	1.04e-12	36.6
Sample:N2,Pos:40164	WP_113886670.1	100.000	17	0	0	84	134	1449	1465	1.04e-12	36.6
Sample:N2,Pos:40164	WP_113886670.1	88.889	27	3	0	2	82	1337	1363	2.81e-12	45.4
Sample:N2,Pos:40164	WP_113886670.1	88.889	27	3	0	2	82	1349	1375	2.81e-12	45.4
Sample:N2,Pos:40164	WP_113886670.1	100.000	17	0	0	84	134	1365	1381	2.81e-12	36.6
Sample:N2,Pos:40164	WP_113886670.1	100.000	17	0	0	84	134	1389	1405	2.81e-12	36.6
Sample:N2,Pos:40164	WP_113886670.1	85.185	27	4	0	2	82	1331	1357	7.96e-12	43.9
Sample:N2,Pos:40164	WP_113886670.1	85.185	27	4	0	2	82	1355	1381	7.96e-12	43.9
Sample:N2,Pos:40164	WP_113886670.1	85.185	27	4	0	2	82	1403	1429	7.96e-12	43.9
Sample:N2,Pos:40164	WP_113886670.1	100.000	17	0	0	84	134	1353	1369	7.96e-12	36.6
Sample:N2,Pos:40164	WP_113886670.1	100.000	17	0	0	84	134	1407	1423	7.96e-12	36.6
Sample:N2,Pos:40164	WP_113886670.1	100.000	17	0	0	84	134	1437	1453	7.96e-12	36.6
Sample:N2,Pos:40164	WP_113886670.1	85.185	27	4	0	2	82	1367	1393	2.34e-11	43.5
Sample:N2,Pos:40164	WP_113886670.1	94.118	17	1	0	84	134	1395	1411	2.34e-11	35.0
Sample:N2,Pos:40164	WP_113886670.1	85.185	27	4	0	2	82	1409	1435	5.26e-11	43.9
Sample:N2,Pos:40164	WP_113886670.1	88.235	17	2	0	84	134	1431	1447	5.26e-11	33.9
Sample:N2,Pos:40164	WP_113886670.1	81.481	27	5	0	2	82	1397	1423	5.85e-11	42.4
Sample:N2,Pos:40164	WP_113886670.1	94.118	17	1	0	84	134	1425	1441	5.85e-11	35.0
Sample:N2,Pos:40164	WP_113886670.1	81.481	27	5	0	2	82	1415	1441	1.48e-10	42.4
Sample:N2,Pos:40164	WP_113886670.1	88.235	17	2	0	84	134	1443	1459	1.48e-10	33.9
Sample:N2,Pos:40164	WP_113886670.1	81.481	27	5	0	2	82	1361	1387	1.68e-10	42.0
Sample:N2,Pos:40164	WP_113886670.1	81.481	27	5	0	2	82	1385	1411	1.68e-10	42.0
Sample:N2,Pos:40164	WP_113886670.1	88.235	17	2	0	84	134	1401	1417	1.68e-10	33.9
Sample:N2,Pos:40164	WP_113886670.1	88.235	17	2	0	84	134	1413	1429	1.68e-10	33.9
Sample:N2,Pos:40164	WP_113886670.1	77.778	27	6	0	2	82	1325	1351	2.21e-10	40.4
Sample:N2,Pos:40164	WP_113886670.1	94.118	17	1	0	84	134	1347	1363	2.21e-10	35.4
Sample:N2,Pos:40164	WP_113886670.1	85.185	27	4	0	2	82	1433	1459	7.19e-10	43.9
Sample:N2,Pos:40164	WP_113886670.1	86.667	15	2	0	84	128	1455	1469	7.19e-10	30.0
Sample:N2,Pos:40164	WP_113886670.1	77.778	27	6	0	2	82	1343	1369	8.05e-10	40.8
Sample:N2,Pos:40164	WP_113886670.1	88.235	17	2	0	84	134	1377	1393	8.05e-10	32.7
Sample:N2,Pos:40164	WP_113886670.1	85.185	27	4	0	2	82	1439	1465	3.78e-08	43.9
Sample:N2,Pos:40164	WP_113886670.1	81.481	27	5	0	2	82	1427	1453	1.33e-07	42.4
Sample:N2,Pos:40164	WP_113886670.1	87.500	24	3	0	2	73	1445	1468	1.59e-07	42.0
Sample:N2,Pos:40164	WP_113886670.1	77.778	27	6	0	2	82	1373	1399	5.16e-07	40.8
Sample:N2,Pos:40164	WP_113886670.1	77.778	27	6	0	2	82	1379	1405	5.16e-07	40.8
Sample:N2,Pos:40164	WP_113886670.1	100.000	17	0	0	84	134	1335	1351	1.09e-05	36.6
Sample:N2,Pos:40164	WP_113886670.1	63.158	19	7	0	26	82	1321	1339	1.09e-05	22.7
Sample:N2,Pos:40164	WP_113886670.1	89.474	19	2	0	2	58	1451	1469	6.48e-05	34.7
Sample:N2,Pos:40164	WP_113886670.1	88.235	17	2	0	84	134	1329	1345	1.34e-04	33.9
Sample:N2,Pos:40164	WP_113886670.1	88.235	17	2	0	84	134	1341	1357	1.34e-04	33.9
Sample:N2,Pos:40164	WP_113886670.1	88.235	17	2	0	84	134	1359	1375	1.34e-04	33.9
Sample:N2,Pos:40164	WP_113886670.1	88.235	17	2	0	84	134	1383	1399	3.14e-04	32.7
Sample:N2,Pos:40164	WP_113886670.1	82.353	17	3	0	84	134	1371	1387	0.001	31.6
Sample:N2,Pos:40164	WP_113886670.1	86.667	15	2	0	90	134	1325	1339	0.005	29.6
Sample:N2,Pos:40164	WP_086874545.1	95.455	22	1	0	135	200	18	39	4.84e-10	48.9
Sample:N2,Pos:40164	WP_011161820.1	26.316	19	14	0	132	188	312	330	4.7	21.2
Sample:N2,Pos:40164	WP_086875124.1	38.889	18	11	0	144	197	138	155	6.8	20.8
Sample:N2,Pos:40164	WP_086874599.1	100.000	7	0	0	113	93	332	338	7.1	20.8
# BLAST processed 1 queries
