# BLASTX 2.4.0+
# Query: Sample:N2,Pos:40176 <unknown description>
# Database: User specified sequence set (Input: lactobacillus_johnsonii_protein.faa)
# Fields: query id, subject id, % identity, alignment length, mismatches, gap opens, q. start, q. end, s. start, s. end, evalue, bit score
# 53 hits found
Sample:N2,Pos:40176	WP_086874545.1	96.154	26	1	0	123	200	18	43	4.68e-13	57.4
Sample:N2,Pos:40176	WP_113886670.1	95.652	23	1	0	2	70	1395	1417	5.57e-11	41.2
Sample:N2,Pos:40176	WP_113886670.1	95.652	23	1	0	2	70	1425	1447	5.57e-11	41.2
Sample:N2,Pos:40176	WP_113886670.1	100.000	17	0	0	72	122	1419	1435	5.57e-11	36.2
Sample:N2,Pos:40176	WP_113886670.1	100.000	17	0	0	72	122	1449	1465	5.57e-11	36.2
Sample:N2,Pos:40176	WP_113886670.1	91.304	23	2	0	2	70	1335	1357	1.36e-10	40.0
Sample:N2,Pos:40176	WP_113886670.1	91.304	23	2	0	2	70	1341	1363	1.36e-10	40.0
Sample:N2,Pos:40176	WP_113886670.1	91.304	23	2	0	2	70	1353	1375	1.36e-10	40.0
Sample:N2,Pos:40176	WP_113886670.1	91.304	23	2	0	2	70	1407	1429	1.36e-10	40.0
Sample:N2,Pos:40176	WP_113886670.1	100.000	17	0	0	72	122	1353	1369	1.36e-10	36.2
Sample:N2,Pos:40176	WP_113886670.1	100.000	17	0	0	72	122	1365	1381	1.36e-10	36.2
Sample:N2,Pos:40176	WP_113886670.1	100.000	17	0	0	72	122	1389	1405	1.36e-10	36.2
Sample:N2,Pos:40176	WP_113886670.1	100.000	17	0	0	72	122	1437	1453	1.36e-10	36.2
Sample:N2,Pos:40176	WP_113886670.1	86.957	23	3	0	2	70	1359	1381	4.11e-10	38.1
Sample:N2,Pos:40176	WP_113886670.1	100.000	17	0	0	72	122	1407	1423	4.11e-10	36.2
Sample:N2,Pos:40176	WP_113886670.1	86.957	23	3	0	2	70	1329	1351	1.00e-09	38.1
Sample:N2,Pos:40176	WP_113886670.1	94.118	17	1	0	72	122	1347	1363	1.00e-09	35.0
Sample:N2,Pos:40176	WP_113886670.1	86.957	23	3	0	2	70	1389	1411	1.11e-09	38.1
Sample:N2,Pos:40176	WP_113886670.1	94.118	17	1	0	72	122	1425	1441	1.11e-09	35.0
Sample:N2,Pos:40176	WP_113886670.1	95.000	20	1	0	2	61	1365	1384	1.17e-09	38.1
Sample:N2,Pos:40176	WP_113886670.1	94.118	17	1	0	72	122	1395	1411	1.17e-09	35.0
Sample:N2,Pos:40176	WP_113886670.1	86.957	23	3	0	2	70	1401	1423	2.70e-09	38.1
Sample:N2,Pos:40176	WP_113886670.1	86.957	23	3	0	2	70	1413	1435	2.70e-09	38.1
Sample:N2,Pos:40176	WP_113886670.1	88.235	17	2	0	72	122	1431	1447	2.70e-09	33.5
Sample:N2,Pos:40176	WP_113886670.1	88.235	17	2	0	72	122	1443	1459	2.70e-09	33.5
Sample:N2,Pos:40176	WP_113886670.1	86.957	23	3	0	2	70	1371	1393	2.86e-09	38.1
Sample:N2,Pos:40176	WP_113886670.1	88.235	17	2	0	72	122	1401	1417	2.86e-09	33.5
Sample:N2,Pos:40176	WP_113886670.1	82.609	23	4	0	2	70	1377	1399	6.95e-09	37.0
Sample:N2,Pos:40176	WP_113886670.1	88.235	17	2	0	72	122	1413	1429	6.95e-09	33.5
Sample:N2,Pos:40176	WP_113886670.1	91.304	23	2	0	2	70	1437	1459	1.20e-08	40.0
Sample:N2,Pos:40176	WP_113886670.1	82.609	23	4	0	2	70	1347	1369	1.20e-08	37.0
Sample:N2,Pos:40176	WP_113886670.1	88.235	17	2	0	72	122	1377	1393	1.20e-08	32.7
Sample:N2,Pos:40176	WP_113886670.1	86.667	15	2	0	72	116	1455	1469	1.20e-08	29.6
Sample:N2,Pos:40176	WP_113886670.1	85.714	21	3	0	8	70	1325	1345	3.83e-08	34.3
Sample:N2,Pos:40176	WP_113886670.1	88.235	17	2	0	72	122	1341	1357	3.83e-08	33.5
Sample:N2,Pos:40176	WP_113886670.1	86.957	23	3	0	2	70	1419	1441	3.55e-06	38.1
Sample:N2,Pos:40176	WP_113886670.1	86.957	23	3	0	2	70	1431	1453	3.55e-06	38.1
Sample:N2,Pos:40176	WP_113886670.1	86.957	23	3	0	2	70	1443	1465	3.55e-06	38.1
Sample:N2,Pos:40176	WP_113886670.1	95.000	20	1	0	2	61	1449	1468	3.76e-06	38.1
Sample:N2,Pos:40176	WP_113886670.1	100.000	17	0	0	72	122	1335	1351	1.48e-05	36.2
Sample:N2,Pos:40176	WP_113886670.1	63.158	19	7	0	14	70	1321	1339	1.48e-05	22.7
Sample:N2,Pos:40176	WP_113886670.1	78.261	23	5	0	2	70	1383	1405	4.33e-05	35.0
Sample:N2,Pos:40176	WP_113886670.1	88.235	17	2	0	72	122	1329	1345	1.72e-04	33.5
Sample:N2,Pos:40176	WP_113886670.1	88.235	17	2	0	72	122	1359	1375	1.72e-04	33.5
Sample:N2,Pos:40176	WP_113886670.1	88.235	17	2	0	72	122	1383	1399	3.61e-04	32.7
Sample:N2,Pos:40176	WP_113886670.1	82.353	17	3	0	72	122	1371	1387	0.001	31.2
Sample:N2,Pos:40176	WP_113886670.1	93.333	15	1	0	2	46	1455	1469	0.006	29.3
Sample:N2,Pos:40176	WP_113886670.1	86.667	15	2	0	78	122	1325	1339	0.006	29.3
Sample:N2,Pos:40176	WP_014567312.1	72.727	11	3	0	200	168	149	159	0.96	23.1
Sample:N2,Pos:40176	WP_004895097.1	32.353	34	22	1	102	200	57	90	3.2	21.6
Sample:N2,Pos:40176	WP_011161820.1	26.316	19	14	0	120	176	312	330	3.6	21.6
Sample:N2,Pos:40176	WP_086874599.1	100.000	7	0	0	101	81	332	338	6.7	20.8
Sample:N2,Pos:40176	WP_086875124.1	38.889	18	11	0	132	185	138	155	7.5	20.4
# BLAST processed 1 queries
