# BLASTX 2.4.0+
# Query: Sample:N2,Pos:40152 <unknown description>
# Database: User specified sequence set (Input: lactobacillus_johnsonii_protein.faa)
# Fields: query id, subject id, % identity, alignment length, mismatches, gap opens, q. start, q. end, s. start, s. end, evalue, bit score
# 49 hits found
Sample:N2,Pos:40152	WP_113886670.1	93.548	31	2	0	2	94	1417	1447	1.25e-14	53.5
Sample:N2,Pos:40152	WP_113886670.1	100.000	17	0	0	96	146	1449	1465	1.25e-14	36.6
Sample:N2,Pos:40152	WP_113886670.1	90.323	31	3	0	2	94	1333	1363	3.21e-14	52.0
Sample:N2,Pos:40152	WP_113886670.1	90.323	31	3	0	2	94	1345	1375	3.21e-14	52.0
Sample:N2,Pos:40152	WP_113886670.1	90.323	31	3	0	2	94	1387	1417	3.21e-14	52.0
Sample:N2,Pos:40152	WP_113886670.1	100.000	17	0	0	96	146	1365	1381	3.21e-14	36.6
Sample:N2,Pos:40152	WP_113886670.1	100.000	17	0	0	96	146	1389	1405	3.21e-14	36.6
Sample:N2,Pos:40152	WP_113886670.1	100.000	17	0	0	96	146	1419	1435	3.21e-14	36.6
Sample:N2,Pos:40152	WP_113886670.1	87.097	31	4	0	2	94	1399	1429	9.79e-14	50.4
Sample:N2,Pos:40152	WP_113886670.1	100.000	17	0	0	96	146	1437	1453	9.79e-14	36.6
Sample:N2,Pos:40152	WP_113886670.1	87.097	31	4	0	2	94	1363	1393	1.01e-13	50.4
Sample:N2,Pos:40152	WP_113886670.1	100.000	17	0	0	96	146	1407	1423	1.01e-13	36.6
Sample:N2,Pos:40152	WP_113886670.1	83.871	31	5	0	2	94	1327	1357	3.72e-13	48.5
Sample:N2,Pos:40152	WP_113886670.1	100.000	17	0	0	96	146	1353	1369	3.72e-13	36.6
Sample:N2,Pos:40152	WP_113886670.1	83.871	31	5	0	2	94	1351	1381	6.16e-13	49.3
Sample:N2,Pos:40152	WP_113886670.1	94.118	17	1	0	96	146	1395	1411	6.16e-13	35.0
Sample:N2,Pos:40152	WP_113886670.1	87.097	31	4	0	2	94	1405	1435	6.46e-13	50.4
Sample:N2,Pos:40152	WP_113886670.1	88.235	17	2	0	96	146	1431	1447	6.46e-13	33.5
Sample:N2,Pos:40152	WP_113886670.1	80.645	31	6	0	2	94	1393	1423	1.87e-12	47.4
Sample:N2,Pos:40152	WP_113886670.1	94.118	17	1	0	96	146	1425	1441	1.87e-12	35.0
Sample:N2,Pos:40152	WP_113886670.1	80.645	31	6	0	2	94	1411	1441	5.05e-12	47.4
Sample:N2,Pos:40152	WP_113886670.1	88.235	17	2	0	96	146	1443	1459	5.05e-12	33.5
Sample:N2,Pos:40152	WP_113886670.1	80.645	31	6	0	2	94	1357	1387	5.22e-12	47.4
Sample:N2,Pos:40152	WP_113886670.1	80.645	31	6	0	2	94	1375	1405	5.22e-12	47.4
Sample:N2,Pos:40152	WP_113886670.1	88.235	17	2	0	96	146	1401	1417	5.22e-12	33.5
Sample:N2,Pos:40152	WP_113886670.1	88.235	17	2	0	96	146	1413	1429	5.22e-12	33.5
Sample:N2,Pos:40152	WP_113886670.1	87.097	31	4	0	2	94	1429	1459	8.70e-12	50.4
Sample:N2,Pos:40152	WP_113886670.1	86.667	15	2	0	96	140	1455	1469	8.70e-12	29.6
Sample:N2,Pos:40152	WP_113886670.1	77.419	31	7	0	2	94	1339	1369	2.56e-11	46.2
Sample:N2,Pos:40152	WP_113886670.1	88.235	17	2	0	96	146	1377	1393	2.56e-11	32.7
Sample:N2,Pos:40152	WP_113886670.1	87.097	31	4	0	2	94	1435	1465	1.64e-10	50.4
Sample:N2,Pos:40152	WP_113886670.1	70.968	31	9	0	2	94	1321	1351	2.57e-10	40.4
Sample:N2,Pos:40152	WP_113886670.1	94.118	17	1	0	96	146	1347	1363	2.57e-10	35.0
Sample:N2,Pos:40152	WP_113886670.1	80.645	31	6	0	2	94	1423	1453	1.96e-09	47.4
Sample:N2,Pos:40152	WP_113886670.1	80.645	31	6	0	2	94	1381	1411	2.03e-09	47.4
Sample:N2,Pos:40152	WP_113886670.1	85.714	28	4	0	2	85	1441	1468	2.07e-09	47.4
Sample:N2,Pos:40152	WP_113886670.1	77.419	31	7	0	2	94	1369	1399	6.35e-09	46.2
Sample:N2,Pos:40152	WP_113886670.1	91.304	23	2	0	2	70	1447	1469	2.37e-07	41.6
Sample:N2,Pos:40152	WP_113886670.1	100.000	17	0	0	96	146	1335	1351	1.55e-05	36.6
Sample:N2,Pos:40152	WP_113886670.1	88.235	17	2	0	96	146	1329	1345	1.53e-04	33.5
Sample:N2,Pos:40152	WP_113886670.1	88.235	17	2	0	96	146	1341	1357	1.53e-04	33.5
Sample:N2,Pos:40152	WP_113886670.1	88.235	17	2	0	96	146	1359	1375	1.53e-04	33.5
Sample:N2,Pos:40152	WP_113886670.1	88.235	17	2	0	96	146	1383	1399	3.50e-04	32.7
Sample:N2,Pos:40152	WP_113886670.1	82.353	17	3	0	96	146	1371	1387	0.001	31.2
Sample:N2,Pos:40152	WP_113886670.1	86.667	15	2	0	102	146	1325	1339	0.005	29.6
Sample:N2,Pos:40152	WP_086874545.1	94.444	18	1	0	147	200	18	35	1.11e-07	42.4
Sample:N2,Pos:40152	WP_086874599.1	100.000	7	0	0	125	105	332	338	5.7	20.8
Sample:N2,Pos:40152	WP_011161820.1	26.316	19	14	0	144	200	312	330	5.7	20.8
Sample:N2,Pos:40152	WP_086874817.1	33.333	30	20	0	94	5	188	217	7.1	20.4
# BLAST processed 1 queries
