# BLASTX 2.4.0+
# Query: Sample:N2,Pos:40191 <unknown description>
# Database: User specified sequence set (Input: lactobacillus_johnsonii_protein.faa)
# Fields: query id, subject id, % identity, alignment length, mismatches, gap opens, q. start, q. end, s. start, s. end, evalue, bit score
# 51 hits found
Sample:N2,Pos:40191	WP_086874545.1	96.774	31	1	0	108	200	18	48	5.08e-17	68.6
Sample:N2,Pos:40191	WP_113886670.1	100.000	17	0	0	57	107	1419	1435	2.91e-09	38.1
Sample:N2,Pos:40191	WP_113886670.1	100.000	17	0	0	57	107	1449	1465	2.91e-09	38.1
Sample:N2,Pos:40191	WP_113886670.1	94.444	18	1	0	2	55	1400	1417	2.91e-09	33.5
Sample:N2,Pos:40191	WP_113886670.1	94.444	18	1	0	2	55	1430	1447	2.91e-09	33.5
Sample:N2,Pos:40191	WP_113886670.1	100.000	17	0	0	57	107	1353	1369	6.89e-09	38.1
Sample:N2,Pos:40191	WP_113886670.1	100.000	17	0	0	57	107	1365	1381	6.89e-09	38.1
Sample:N2,Pos:40191	WP_113886670.1	100.000	17	0	0	57	107	1389	1405	6.89e-09	38.1
Sample:N2,Pos:40191	WP_113886670.1	100.000	17	0	0	57	107	1437	1453	6.89e-09	38.1
Sample:N2,Pos:40191	WP_113886670.1	88.889	18	2	0	2	55	1340	1357	6.89e-09	32.3
Sample:N2,Pos:40191	WP_113886670.1	88.889	18	2	0	2	55	1346	1363	6.89e-09	32.3
Sample:N2,Pos:40191	WP_113886670.1	88.889	18	2	0	2	55	1358	1375	6.89e-09	32.3
Sample:N2,Pos:40191	WP_113886670.1	88.889	18	2	0	2	55	1412	1429	6.89e-09	32.3
Sample:N2,Pos:40191	WP_113886670.1	100.000	17	0	0	57	107	1407	1423	2.04e-08	38.1
Sample:N2,Pos:40191	WP_113886670.1	83.333	18	3	0	2	55	1364	1381	2.04e-08	30.4
Sample:N2,Pos:40191	WP_113886670.1	94.118	17	1	0	57	107	1347	1363	2.54e-08	37.0
Sample:N2,Pos:40191	WP_113886670.1	88.889	18	2	0	2	55	1328	1345	2.54e-08	31.6
Sample:N2,Pos:40191	WP_113886670.1	94.118	17	1	0	57	107	1425	1441	5.08e-08	37.0
Sample:N2,Pos:40191	WP_113886670.1	83.333	18	3	0	2	55	1394	1411	5.08e-08	30.4
Sample:N2,Pos:40191	WP_113886670.1	94.118	17	1	0	57	107	1395	1411	5.91e-08	37.0
Sample:N2,Pos:40191	WP_113886670.1	93.333	15	1	0	2	46	1370	1384	5.91e-08	30.4
Sample:N2,Pos:40191	WP_113886670.1	88.235	17	2	0	57	107	1359	1375	1.31e-07	35.4
Sample:N2,Pos:40191	WP_113886670.1	88.235	17	2	0	57	107	1431	1447	1.31e-07	35.4
Sample:N2,Pos:40191	WP_113886670.1	88.235	17	2	0	57	107	1443	1459	1.31e-07	35.4
Sample:N2,Pos:40191	WP_113886670.1	83.333	18	3	0	2	55	1334	1351	1.31e-07	30.4
Sample:N2,Pos:40191	WP_113886670.1	83.333	18	3	0	2	55	1406	1423	1.31e-07	30.4
Sample:N2,Pos:40191	WP_113886670.1	83.333	18	3	0	2	55	1418	1435	1.31e-07	30.4
Sample:N2,Pos:40191	WP_113886670.1	88.235	17	2	0	57	107	1401	1417	1.60e-07	35.4
Sample:N2,Pos:40191	WP_113886670.1	83.333	18	3	0	2	55	1376	1393	1.60e-07	30.4
Sample:N2,Pos:40191	WP_113886670.1	88.235	17	2	0	57	107	1413	1429	3.09e-07	35.4
Sample:N2,Pos:40191	WP_113886670.1	77.778	18	4	0	2	55	1388	1405	3.09e-07	29.3
Sample:N2,Pos:40191	WP_113886670.1	88.889	18	2	0	2	55	1442	1459	7.00e-07	32.3
Sample:N2,Pos:40191	WP_113886670.1	86.667	15	2	0	57	101	1455	1469	7.00e-07	31.2
Sample:N2,Pos:40191	WP_113886670.1	88.235	17	2	0	57	107	1377	1393	8.62e-07	33.9
Sample:N2,Pos:40191	WP_113886670.1	77.778	18	4	0	2	55	1352	1369	8.62e-07	29.3
Sample:N2,Pos:40191	WP_113886670.1	100.000	17	0	0	57	107	1335	1351	3.33e-06	38.1
Sample:N2,Pos:40191	WP_113886670.1	73.333	15	4	0	11	55	1325	1339	3.33e-06	23.1
Sample:N2,Pos:40191	WP_113886670.1	88.235	17	2	0	57	107	1329	1345	3.59e-05	35.4
Sample:N2,Pos:40191	WP_113886670.1	88.235	17	2	0	57	107	1341	1357	3.59e-05	35.4
Sample:N2,Pos:40191	WP_113886670.1	88.235	17	2	0	57	107	1383	1399	1.27e-04	33.9
Sample:N2,Pos:40191	WP_113886670.1	82.353	17	3	0	57	107	1371	1387	3.87e-04	32.7
Sample:N2,Pos:40191	WP_113886670.1	62.500	24	7	1	36	107	1318	1339	0.001	31.2
Sample:N2,Pos:40191	WP_113886670.1	83.333	18	3	0	2	55	1424	1441	0.002	30.4
Sample:N2,Pos:40191	WP_113886670.1	83.333	18	3	0	2	55	1436	1453	0.002	30.4
Sample:N2,Pos:40191	WP_113886670.1	83.333	18	3	0	2	55	1448	1465	0.002	30.4
Sample:N2,Pos:40191	WP_113886670.1	93.333	15	1	0	2	46	1454	1468	0.002	30.4
Sample:N2,Pos:40191	WP_113886670.1	77.778	18	4	0	2	55	1382	1399	0.007	28.9
Sample:N2,Pos:40191	WP_113886670.1	90.000	10	1	0	2	31	1460	1469	4.4	21.2
Sample:N2,Pos:40191	WP_014567312.1	72.727	11	3	0	185	153	149	159	0.96	23.1
Sample:N2,Pos:40191	WP_004895097.1	31.429	35	23	1	87	188	57	91	0.99	23.1
Sample:N2,Pos:40191	WP_086874599.1	100.000	7	0	0	86	66	332	338	7.6	20.4
# BLAST processed 1 queries
