# BLASTX 2.4.0+
# Query: Sample:N2,Pos:40137 <unknown description>
# Database: User specified sequence set (Input: lactobacillus_johnsonii_protein.faa)
# Fields: query id, subject id, % identity, alignment length, mismatches, gap opens, q. start, q. end, s. start, s. end, evalue, bit score
# 48 hits found
Sample:N2,Pos:40137	WP_113886670.1	94.444	36	2	0	2	109	1412	1447	5.26e-17	62.0
Sample:N2,Pos:40137	WP_113886670.1	100.000	17	0	0	111	161	1449	1465	5.26e-17	36.2
Sample:N2,Pos:40137	WP_113886670.1	91.667	36	3	0	2	109	1340	1375	1.48e-16	60.5
Sample:N2,Pos:40137	WP_113886670.1	100.000	17	0	0	111	161	1389	1405	1.48e-16	36.2
Sample:N2,Pos:40137	WP_113886670.1	88.889	36	4	0	2	109	1394	1429	4.36e-16	58.9
Sample:N2,Pos:40137	WP_113886670.1	100.000	17	0	0	111	161	1437	1453	4.36e-16	36.2
Sample:N2,Pos:40137	WP_113886670.1	88.889	36	4	0	2	109	1358	1393	4.40e-16	58.9
Sample:N2,Pos:40137	WP_113886670.1	88.889	36	4	0	2	109	1382	1417	4.40e-16	58.9
Sample:N2,Pos:40137	WP_113886670.1	100.000	17	0	0	111	161	1407	1423	4.40e-16	36.2
Sample:N2,Pos:40137	WP_113886670.1	100.000	17	0	0	111	161	1419	1435	4.40e-16	36.2
Sample:N2,Pos:40137	WP_113886670.1	88.889	36	4	0	2	109	1328	1363	5.66e-16	58.5
Sample:N2,Pos:40137	WP_113886670.1	100.000	17	0	0	111	161	1365	1381	5.66e-16	36.2
Sample:N2,Pos:40137	WP_113886670.1	86.111	36	5	0	2	109	1400	1435	8.85e-15	57.4
Sample:N2,Pos:40137	WP_113886670.1	88.235	17	2	0	111	161	1431	1447	8.85e-15	33.1
Sample:N2,Pos:40137	WP_113886670.1	83.333	36	6	0	2	109	1346	1381	9.07e-15	55.8
Sample:N2,Pos:40137	WP_113886670.1	83.333	36	6	0	2	109	1388	1423	9.07e-15	55.8
Sample:N2,Pos:40137	WP_113886670.1	94.118	17	1	0	111	161	1395	1411	9.07e-15	34.7
Sample:N2,Pos:40137	WP_113886670.1	94.118	17	1	0	111	161	1425	1441	9.07e-15	34.7
Sample:N2,Pos:40137	WP_113886670.1	83.333	36	6	0	2	109	1352	1387	2.51e-14	55.8
Sample:N2,Pos:40137	WP_113886670.1	83.333	36	6	0	2	109	1370	1405	2.51e-14	55.8
Sample:N2,Pos:40137	WP_113886670.1	88.235	17	2	0	111	161	1401	1417	2.51e-14	33.1
Sample:N2,Pos:40137	WP_113886670.1	88.235	17	2	0	111	161	1413	1429	2.51e-14	33.1
Sample:N2,Pos:40137	WP_113886670.1	88.889	36	4	0	2	109	1424	1459	3.87e-14	58.9
Sample:N2,Pos:40137	WP_113886670.1	86.667	15	2	0	111	155	1455	1469	3.87e-14	29.6
Sample:N2,Pos:40137	WP_113886670.1	80.556	36	7	0	2	109	1406	1441	7.30e-14	54.3
Sample:N2,Pos:40137	WP_113886670.1	88.235	17	2	0	111	161	1443	1459	7.30e-14	33.1
Sample:N2,Pos:40137	WP_113886670.1	81.818	33	6	0	11	109	1325	1357	2.09e-13	49.7
Sample:N2,Pos:40137	WP_113886670.1	100.000	17	0	0	111	161	1353	1369	2.09e-13	36.2
Sample:N2,Pos:40137	WP_113886670.1	77.778	36	8	0	2	109	1334	1369	3.69e-13	52.8
Sample:N2,Pos:40137	WP_113886670.1	88.235	17	2	0	111	161	1377	1393	3.69e-13	32.3
Sample:N2,Pos:40137	WP_113886670.1	86.111	36	5	0	2	109	1430	1465	6.83e-13	57.4
Sample:N2,Pos:40137	WP_113886670.1	80.556	36	7	0	2	109	1418	1453	8.61e-12	54.3
Sample:N2,Pos:40137	WP_113886670.1	80.556	36	7	0	2	109	1376	1411	8.69e-12	54.3
Sample:N2,Pos:40137	WP_113886670.1	84.848	33	5	0	2	100	1436	1468	9.49e-12	53.9
Sample:N2,Pos:40137	WP_113886670.1	77.778	36	8	0	2	109	1364	1399	3.01e-11	52.8
Sample:N2,Pos:40137	WP_113886670.1	92.857	28	2	0	2	85	1442	1469	2.52e-10	50.1
Sample:N2,Pos:40137	WP_113886670.1	70.968	31	9	0	17	109	1321	1351	4.15e-10	40.0
Sample:N2,Pos:40137	WP_113886670.1	94.118	17	1	0	111	161	1347	1363	4.15e-10	34.7
Sample:N2,Pos:40137	WP_113886670.1	100.000	17	0	0	111	161	1335	1351	2.05e-05	36.2
Sample:N2,Pos:40137	WP_113886670.1	88.235	17	2	0	111	161	1329	1345	2.12e-04	33.1
Sample:N2,Pos:40137	WP_113886670.1	88.235	17	2	0	111	161	1341	1357	2.12e-04	33.1
Sample:N2,Pos:40137	WP_113886670.1	88.235	17	2	0	111	161	1359	1375	2.12e-04	33.1
Sample:N2,Pos:40137	WP_113886670.1	88.235	17	2	0	111	161	1383	1399	4.31e-04	32.3
Sample:N2,Pos:40137	WP_113886670.1	82.353	17	3	0	111	161	1371	1387	0.001	31.2
Sample:N2,Pos:40137	WP_113886670.1	86.667	15	2	0	117	161	1325	1339	0.006	29.3
Sample:N2,Pos:40137	WP_086874545.1	92.308	13	1	0	162	200	18	30	0.001	31.2
Sample:N2,Pos:40137	WP_113886625.1	36.842	38	20	1	53	166	518	551	2.5	21.9
Sample:N2,Pos:40137	WP_086874599.1	100.000	7	0	0	140	120	332	338	4.6	21.2
# BLAST processed 1 queries
