# BLASTX 2.4.0+
# Query: Sample:P3,Pos:4712 <unknown description>
# Database: User specified sequence set (Input: clostridium_sporogenes_protein.faa)
# Fields: query id, subject id, % identity, alignment length, mismatches, gap opens, q. start, q. end, s. start, s. end, evalue, bit score
# 51 hits found
Sample:P3,Pos:4712	WP_003490537.1	36.923	65	40	1	6	197	41	105	1.38e-11	53.1
Sample:P3,Pos:4712	WP_033061250.1	40.909	66	29	1	3	170	47	112	3.26e-10	49.3
Sample:P3,Pos:4712	WP_003494611.1	37.662	77	36	3	6	200	42	118	1.03e-09	47.8
Sample:P3,Pos:4712	WP_003490952.1	44.068	59	27	1	6	182	35	87	4.50e-09	45.8
Sample:P3,Pos:4712	WP_003490356.1	43.077	65	27	1	6	170	42	106	1.18e-08	45.1
Sample:P3,Pos:4712	WP_003493156.1	35.294	68	40	1	6	197	42	109	1.20e-08	45.1
Sample:P3,Pos:4712	WP_040109210.1	43.077	65	27	1	6	170	42	106	1.94e-08	44.3
Sample:P3,Pos:4712	WP_003483065.1	36.486	74	38	1	6	200	37	110	4.09e-08	43.5
Sample:P3,Pos:4712	WP_040108466.1	34.783	69	35	2	6	182	43	111	2.15e-06	38.9
Sample:P3,Pos:4712	WP_003490956.1	38.462	65	30	1	6	170	43	107	2.53e-06	38.5
Sample:P3,Pos:4712	WP_003493442.1	31.884	69	37	2	6	182	44	112	5.61e-06	37.7
Sample:P3,Pos:4712	WP_003492070.1	33.333	69	36	1	6	182	43	111	8.91e-06	37.0
Sample:P3,Pos:4712	WP_077272573.1	34.848	66	30	2	6	170	36	99	9.65e-06	37.0
Sample:P3,Pos:4712	WP_003491121.1	35.211	71	34	2	6	185	41	110	2.38e-05	35.8
Sample:P3,Pos:4712	WP_033058457.1	33.333	69	36	1	3	179	41	109	2.64e-05	35.8
Sample:P3,Pos:4712	WP_003492493.1	30.986	71	37	2	6	185	40	109	4.40e-04	32.3
Sample:P3,Pos:4712	WP_004461542.1	38.983	59	25	3	6	149	38	96	5.07e-04	32.0
Sample:P3,Pos:4712	WP_033058995.1	30.380	79	41	2	6	200	36	114	6.24e-04	32.0
Sample:P3,Pos:4712	WP_040109546.1	32.857	70	27	2	6	170	41	105	6.83e-04	31.6
Sample:P3,Pos:4712	WP_003496432.1	32.812	64	37	2	6	179	37	100	6.99e-04	31.6
Sample:P3,Pos:4712	WP_040109191.1	30.882	68	40	2	6	191	383	449	7.34e-04	31.6
Sample:P3,Pos:4712	WP_003491790.1	29.231	65	36	2	6	170	40	104	0.001	31.2
Sample:P3,Pos:4712	WP_003494485.1	38.710	62	34	3	6	179	36	97	0.001	30.8
Sample:P3,Pos:4712	WP_033059225.1	27.536	69	40	1	6	182	44	112	0.001	30.8
Sample:P3,Pos:4712	WP_046869768.1	27.536	69	36	2	6	176	4	70	0.002	30.0
Sample:P3,Pos:4712	WP_003491106.1	33.824	68	32	2	6	176	36	101	0.004	29.6
Sample:P3,Pos:4712	WP_052691695.1	41.935	31	18	0	3	95	374	404	0.007	28.9
Sample:P3,Pos:4712	WP_045884812.1	30.303	66	35	1	6	170	36	101	0.007	28.9
Sample:P3,Pos:4712	WP_033061228.1	53.333	30	14	0	6	95	46	75	0.007	28.9
Sample:P3,Pos:4712	WP_040109198.1	28.571	63	40	1	6	179	43	105	0.009	28.5
Sample:P3,Pos:4712	WP_040108163.1	28.986	69	42	2	3	191	35	102	0.015	27.7
Sample:P3,Pos:4712	WP_046869915.1	27.941	68	42	1	6	188	38	105	0.059	26.2
Sample:P3,Pos:4712	WP_003494915.1	30.769	52	23	2	3	128	46	94	0.073	26.2
Sample:P3,Pos:4712	WP_040108247.1	47.826	23	12	0	6	74	39	61	0.079	25.8
Sample:P3,Pos:4712	WP_046869919.1	41.509	53	20	3	3	128	37	89	0.100	25.8
Sample:P3,Pos:4712	WP_040109101.1	29.412	51	36	0	6	158	37	87	0.16	25.0
Sample:P3,Pos:4712	WP_003495255.1	35.294	34	22	0	9	110	83	116	0.21	24.6
Sample:P3,Pos:4712	WP_134789435.1	26.667	60	39	1	6	170	40	99	0.22	24.6
Sample:P3,Pos:4712	WP_040108260.1	31.746	63	41	2	6	191	37	98	0.29	24.3
Sample:P3,Pos:4712	WP_003493351.1	33.333	30	20	0	6	95	38	67	0.34	24.3
Sample:P3,Pos:4712	WP_003492950.1	30.000	40	12	1	6	125	38	61	0.37	23.9
Sample:P3,Pos:4712	WP_040108001.1	41.667	36	19	2	6	110	38	72	0.63	23.5
Sample:P3,Pos:4712	WP_003492465.1	33.898	59	33	2	6	164	37	95	1.1	22.7
Sample:P3,Pos:4712	WP_003493359.1	29.787	47	27	1	6	128	37	83	1.1	22.7
Sample:P3,Pos:4712	WP_040108298.1	40.000	25	14	1	3	74	36	60	1.3	22.7
Sample:P3,Pos:4712	WP_003490872.1	22.000	50	36	1	48	197	176	222	1.9	21.9
Sample:P3,Pos:4712	WP_046869916.1	40.741	27	13	1	12	83	252	278	4.9	20.8
Sample:P3,Pos:4712	WP_040108469.1	39.394	33	17	1	158	60	209	238	5.2	20.8
Sample:P3,Pos:4712	WP_003492617.1	26.230	61	35	3	45	197	210	270	9.0	20.0
Sample:P3,Pos:4712	WP_003494971.1	54.545	11	5	0	113	145	360	370	9.6	20.0
Sample:P3,Pos:4712	WP_003358207.1	56.250	16	7	0	6	53	12	27	9.9	20.0
# BLAST processed 1 queries
