# BLASTX 2.4.0+
# Query: Sample:N3,Pos:40124 <unknown description>
# Database: User specified sequence set (Input: lactobacillus_johnsonii_protein.faa)
# Fields: query id, subject id, % identity, alignment length, mismatches, gap opens, q. start, q. end, s. start, s. end, evalue, bit score
# 47 hits found
Sample:N3,Pos:40124	WP_113886670.1	97.500	40	1	0	3	122	1408	1447	1.02e-19	72.0
Sample:N3,Pos:40124	WP_113886670.1	100.000	17	0	0	124	174	1449	1465	1.02e-19	35.4
Sample:N3,Pos:40124	WP_113886670.1	97.500	40	1	0	3	122	1378	1417	1.15e-19	71.6
Sample:N3,Pos:40124	WP_113886670.1	100.000	17	0	0	124	174	1419	1435	1.15e-19	35.4
Sample:N3,Pos:40124	WP_113886670.1	95.000	40	2	0	3	122	1336	1375	3.32e-19	70.1
Sample:N3,Pos:40124	WP_113886670.1	100.000	17	0	0	124	174	1389	1405	3.32e-19	35.4
Sample:N3,Pos:40124	WP_113886670.1	92.500	40	3	0	3	122	1342	1381	8.73e-19	68.6
Sample:N3,Pos:40124	WP_113886670.1	92.500	40	3	0	3	122	1390	1429	8.73e-19	68.6
Sample:N3,Pos:40124	WP_113886670.1	100.000	17	0	0	124	174	1407	1423	8.73e-19	35.4
Sample:N3,Pos:40124	WP_113886670.1	100.000	17	0	0	124	174	1437	1453	8.73e-19	35.4
Sample:N3,Pos:40124	WP_113886670.1	92.500	40	3	0	3	122	1348	1387	2.43e-18	68.6
Sample:N3,Pos:40124	WP_113886670.1	92.500	40	3	0	3	122	1354	1393	2.43e-18	68.6
Sample:N3,Pos:40124	WP_113886670.1	94.118	17	1	0	124	174	1395	1411	2.43e-18	34.3
Sample:N3,Pos:40124	WP_113886670.1	94.118	17	1	0	124	174	1425	1441	2.43e-18	34.3
Sample:N3,Pos:40124	WP_113886670.1	87.500	40	5	0	3	122	1330	1369	7.45e-18	65.5
Sample:N3,Pos:40124	WP_113886670.1	100.000	17	0	0	124	174	1365	1381	7.45e-18	35.4
Sample:N3,Pos:40124	WP_113886670.1	90.000	40	4	0	3	122	1396	1435	1.58e-17	67.4
Sample:N3,Pos:40124	WP_113886670.1	90.000	40	4	0	3	122	1402	1441	1.58e-17	67.4
Sample:N3,Pos:40124	WP_113886670.1	88.235	17	2	0	124	174	1431	1447	1.58e-17	32.7
Sample:N3,Pos:40124	WP_113886670.1	88.235	17	2	0	124	174	1443	1459	1.58e-17	32.7
Sample:N3,Pos:40124	WP_113886670.1	90.000	40	4	0	3	122	1372	1411	1.77e-17	67.0
Sample:N3,Pos:40124	WP_113886670.1	88.235	17	2	0	124	174	1413	1429	1.77e-17	32.7
Sample:N3,Pos:40124	WP_113886670.1	87.500	40	5	0	3	122	1360	1399	5.75e-17	65.5
Sample:N3,Pos:40124	WP_113886670.1	88.235	17	2	0	124	174	1401	1417	5.75e-17	32.7
Sample:N3,Pos:40124	WP_113886670.1	92.500	40	3	0	3	122	1420	1459	6.43e-17	68.6
Sample:N3,Pos:40124	WP_113886670.1	89.744	39	4	0	6	122	1325	1363	7.11e-17	65.1
Sample:N3,Pos:40124	WP_113886670.1	88.235	17	2	0	124	174	1359	1375	7.11e-17	32.7
Sample:N3,Pos:40124	WP_113886670.1	90.000	40	4	0	3	122	1414	1453	1.91e-16	67.4
Sample:N3,Pos:40124	WP_113886670.1	86.667	15	2	0	124	168	1455	1469	1.91e-16	28.9
Sample:N3,Pos:40124	WP_113886670.1	90.000	40	4	0	3	122	1426	1465	2.04e-16	67.4
Sample:N3,Pos:40124	WP_113886670.1	90.000	40	4	0	3	122	1384	1423	2.33e-16	67.0
Sample:N3,Pos:40124	WP_113886670.1	87.500	40	5	0	3	122	1366	1405	9.52e-16	65.5
Sample:N3,Pos:40124	WP_113886670.1	92.105	38	3	0	3	116	1432	1469	9.80e-16	65.5
Sample:N3,Pos:40124	WP_113886670.1	81.081	37	7	0	12	122	1321	1357	6.76e-15	55.5
Sample:N3,Pos:40124	WP_113886670.1	100.000	17	0	0	124	174	1353	1369	6.76e-15	35.4
Sample:N3,Pos:40124	WP_113886670.1	53.846	52	24	0	3	158	1444	1495	2.29e-09	47.4
Sample:N3,Pos:40124	WP_113886670.1	100.000	17	0	0	124	174	1335	1351	3.73e-05	35.4
Sample:N3,Pos:40124	WP_113886670.1	94.118	17	1	0	124	174	1347	1363	1.28e-04	33.9
Sample:N3,Pos:40124	WP_113886670.1	88.235	17	2	0	124	174	1329	1345	3.83e-04	32.7
Sample:N3,Pos:40124	WP_113886670.1	88.235	17	2	0	124	174	1341	1357	3.83e-04	32.7
Sample:N3,Pos:40124	WP_113886670.1	88.235	17	2	0	124	174	1377	1393	7.06e-04	32.0
Sample:N3,Pos:40124	WP_113886670.1	88.235	17	2	0	124	174	1383	1399	7.06e-04	32.0
Sample:N3,Pos:40124	WP_113886670.1	82.353	17	3	0	124	174	1371	1387	0.002	30.4
Sample:N3,Pos:40124	WP_113886670.1	86.667	15	2	0	130	174	1325	1339	0.010	28.5
Sample:N3,Pos:40124	WP_086874545.1	100.000	9	0	0	175	201	18	26	0.14	25.4
Sample:N3,Pos:40124	WP_004897026.1	33.333	24	16	0	66	137	327	350	5.3	20.8
Sample:N3,Pos:40124	WP_086874599.1	100.000	7	0	0	153	133	332	338	5.9	20.8
# BLAST processed 1 queries
