# BLASTX 2.4.0+
# Query: Sample:N3,Pos:40118 <unknown description>
# Database: User specified sequence set (Input: lactobacillus_johnsonii_protein.faa)
# Fields: query id, subject id, % identity, alignment length, mismatches, gap opens, q. start, q. end, s. start, s. end, evalue, bit score
# 47 hits found
Sample:N3,Pos:40118	WP_113886670.1	97.619	42	1	0	3	128	1406	1447	7.12e-21	75.5
Sample:N3,Pos:40118	WP_113886670.1	100.000	17	0	0	130	180	1449	1465	7.12e-21	35.8
Sample:N3,Pos:40118	WP_113886670.1	97.619	42	1	0	3	128	1376	1417	7.17e-21	75.5
Sample:N3,Pos:40118	WP_113886670.1	100.000	17	0	0	130	180	1419	1435	7.17e-21	35.8
Sample:N3,Pos:40118	WP_113886670.1	95.238	42	2	0	3	128	1334	1375	2.19e-20	73.6
Sample:N3,Pos:40118	WP_113886670.1	100.000	17	0	0	130	180	1389	1405	2.19e-20	35.8
Sample:N3,Pos:40118	WP_113886670.1	92.857	42	3	0	3	128	1346	1387	6.25e-20	72.0
Sample:N3,Pos:40118	WP_113886670.1	100.000	17	0	0	130	180	1407	1423	6.25e-20	35.8
Sample:N3,Pos:40118	WP_113886670.1	90.476	42	4	0	3	128	1400	1441	1.75e-19	70.5
Sample:N3,Pos:40118	WP_113886670.1	100.000	17	0	0	130	180	1437	1453	1.75e-19	35.8
Sample:N3,Pos:40118	WP_113886670.1	90.476	42	4	0	3	128	1340	1381	4.72e-19	70.5
Sample:N3,Pos:40118	WP_113886670.1	90.476	42	4	0	3	128	1388	1429	4.72e-19	70.5
Sample:N3,Pos:40118	WP_113886670.1	94.118	17	1	0	130	180	1395	1411	4.72e-19	34.7
Sample:N3,Pos:40118	WP_113886670.1	94.118	17	1	0	130	180	1425	1441	4.72e-19	34.7
Sample:N3,Pos:40118	WP_113886670.1	90.476	42	4	0	3	128	1352	1393	1.33e-18	70.5
Sample:N3,Pos:40118	WP_113886670.1	88.235	17	2	0	130	180	1401	1417	1.33e-18	33.1
Sample:N3,Pos:40118	WP_113886670.1	87.805	41	5	0	6	128	1329	1369	2.18e-18	67.0
Sample:N3,Pos:40118	WP_113886670.1	100.000	17	0	0	130	180	1365	1381	2.18e-18	35.8
Sample:N3,Pos:40118	WP_113886670.1	88.095	42	5	0	3	128	1394	1435	3.72e-18	68.9
Sample:N3,Pos:40118	WP_113886670.1	88.235	17	2	0	130	180	1431	1447	3.72e-18	33.1
Sample:N3,Pos:40118	WP_113886670.1	88.095	42	5	0	3	128	1364	1405	3.75e-18	68.9
Sample:N3,Pos:40118	WP_113886670.1	88.095	42	5	0	3	128	1370	1411	3.75e-18	68.9
Sample:N3,Pos:40118	WP_113886670.1	88.235	17	2	0	130	180	1413	1429	3.75e-18	33.1
Sample:N3,Pos:40118	WP_113886670.1	88.235	17	2	0	130	180	1443	1459	3.75e-18	33.1
Sample:N3,Pos:40118	WP_113886670.1	92.857	42	3	0	3	128	1418	1459	3.84e-18	72.0
Sample:N3,Pos:40118	WP_113886670.1	88.095	42	5	0	3	128	1412	1453	4.73e-17	68.9
Sample:N3,Pos:40118	WP_113886670.1	86.667	15	2	0	130	174	1455	1469	4.73e-17	29.3
Sample:N3,Pos:40118	WP_113886670.1	88.095	42	5	0	3	128	1424	1465	5.04e-17	68.9
Sample:N3,Pos:40118	WP_113886670.1	88.095	42	5	0	3	128	1382	1423	5.09e-17	68.9
Sample:N3,Pos:40118	WP_113886670.1	92.500	40	3	0	3	122	1430	1469	5.78e-17	68.9
Sample:N3,Pos:40118	WP_113886670.1	89.744	39	4	0	12	128	1325	1363	6.55e-17	64.7
Sample:N3,Pos:40118	WP_113886670.1	88.235	17	2	0	130	180	1359	1375	6.55e-17	33.1
Sample:N3,Pos:40118	WP_113886670.1	85.714	42	6	0	3	128	1358	1399	1.94e-16	67.4
Sample:N3,Pos:40118	WP_113886670.1	81.081	37	7	0	18	128	1321	1357	5.94e-15	55.5
Sample:N3,Pos:40118	WP_113886670.1	100.000	17	0	0	130	180	1353	1369	5.94e-15	35.8
Sample:N3,Pos:40118	WP_113886670.1	53.704	54	25	0	3	164	1442	1495	4.37e-10	49.3
Sample:N3,Pos:40118	WP_113886670.1	100.000	17	0	0	130	180	1335	1351	2.67e-05	35.8
Sample:N3,Pos:40118	WP_113886670.1	94.118	17	1	0	130	180	1347	1363	9.16e-05	34.3
Sample:N3,Pos:40118	WP_113886670.1	88.235	17	2	0	130	180	1329	1345	2.74e-04	33.1
Sample:N3,Pos:40118	WP_113886670.1	88.235	17	2	0	130	180	1341	1357	2.74e-04	33.1
Sample:N3,Pos:40118	WP_113886670.1	88.235	17	2	0	130	180	1377	1393	5.68e-04	32.0
Sample:N3,Pos:40118	WP_113886670.1	88.235	17	2	0	130	180	1383	1399	5.68e-04	32.0
Sample:N3,Pos:40118	WP_113886670.1	82.353	17	3	0	130	180	1371	1387	0.002	30.8
Sample:N3,Pos:40118	WP_113886670.1	86.667	15	2	0	136	180	1325	1339	0.007	28.9
Sample:N3,Pos:40118	WP_086874545.1	100.000	7	0	0	181	201	18	24	4.2	21.2
Sample:N3,Pos:40118	WP_004897026.1	33.333	24	16	0	72	143	327	350	6.1	20.8
Sample:N3,Pos:40118	WP_086874599.1	100.000	7	0	0	159	139	332	338	6.7	20.8
# BLAST processed 1 queries
