# BLASTX 2.4.0+
# Query: Sample:N3,Pos:40088 <unknown description>
# Database: User specified sequence set (Input: lactobacillus_johnsonii_protein.faa)
# Fields: query id, subject id, % identity, alignment length, mismatches, gap opens, q. start, q. end, s. start, s. end, evalue, bit score
# 43 hits found
Sample:N3,Pos:40088	WP_113886670.1	98.077	52	1	0	3	158	1366	1417	1.03e-25	93.6
Sample:N3,Pos:40088	WP_113886670.1	96.154	52	2	0	3	158	1396	1447	1.96e-25	92.8
Sample:N3,Pos:40088	WP_113886670.1	94.231	52	3	0	3	158	1408	1459	8.21e-25	91.3
Sample:N3,Pos:40088	WP_113886670.1	94.231	52	3	0	3	158	1336	1387	1.25e-24	90.5
Sample:N3,Pos:40088	WP_113886670.1	92.308	52	4	0	3	158	1390	1441	2.37e-24	89.7
Sample:N3,Pos:40088	WP_113886670.1	90.385	52	5	0	3	158	1330	1381	9.93e-24	88.2
Sample:N3,Pos:40088	WP_113886670.1	92.157	51	4	0	6	158	1325	1375	1.41e-23	87.8
Sample:N3,Pos:40088	WP_113886670.1	94.000	50	3	0	3	152	1420	1469	1.41e-23	87.8
Sample:N3,Pos:40088	WP_113886670.1	90.385	52	5	0	3	158	1342	1393	1.51e-23	87.4
Sample:N3,Pos:40088	WP_113886670.1	90.385	52	5	0	3	158	1354	1405	1.51e-23	87.4
Sample:N3,Pos:40088	WP_113886670.1	90.385	52	5	0	3	158	1378	1429	1.51e-23	87.4
Sample:N3,Pos:40088	WP_113886670.1	88.462	52	6	0	3	158	1402	1453	2.87e-23	86.7
Sample:N3,Pos:40088	WP_113886670.1	88.462	52	6	0	3	158	1414	1465	2.87e-23	86.7
Sample:N3,Pos:40088	WP_113886670.1	88.462	52	6	0	3	158	1360	1411	4.36e-23	86.3
Sample:N3,Pos:40088	WP_113886670.1	88.462	52	6	0	3	158	1372	1423	4.36e-23	86.3
Sample:N3,Pos:40088	WP_113886670.1	88.462	52	6	0	3	158	1384	1435	4.36e-23	86.3
Sample:N3,Pos:40088	WP_113886670.1	88.462	52	6	0	3	158	1348	1399	6.32e-23	85.9
Sample:N3,Pos:40088	WP_113886670.1	79.592	49	10	0	12	158	1321	1369	2.64e-18	72.4
Sample:N3,Pos:40088	WP_113886670.1	100.000	14	0	0	160	201	1365	1378	2.64e-18	30.0
Sample:N3,Pos:40088	WP_113886670.1	59.375	64	26	0	3	194	1432	1495	4.15e-16	66.2
Sample:N3,Pos:40088	WP_113886670.1	100.000	14	0	0	160	201	1335	1348	0.003	30.0
Sample:N3,Pos:40088	WP_113886670.1	100.000	14	0	0	160	201	1353	1366	0.003	30.0
Sample:N3,Pos:40088	WP_113886670.1	100.000	14	0	0	160	201	1389	1402	0.003	30.0
Sample:N3,Pos:40088	WP_113886670.1	100.000	14	0	0	160	201	1407	1420	0.003	30.0
Sample:N3,Pos:40088	WP_113886670.1	100.000	14	0	0	160	201	1419	1432	0.003	30.0
Sample:N3,Pos:40088	WP_113886670.1	100.000	14	0	0	160	201	1437	1450	0.003	30.0
Sample:N3,Pos:40088	WP_113886670.1	100.000	14	0	0	160	201	1449	1462	0.003	30.0
Sample:N3,Pos:40088	WP_113886670.1	92.857	14	1	0	160	201	1347	1360	0.011	28.5
Sample:N3,Pos:40088	WP_113886670.1	92.857	14	1	0	160	201	1395	1408	0.012	28.5
Sample:N3,Pos:40088	WP_113886670.1	92.857	14	1	0	160	201	1425	1438	0.012	28.5
Sample:N3,Pos:40088	WP_113886670.1	85.714	14	2	0	160	201	1329	1342	0.037	26.9
Sample:N3,Pos:40088	WP_113886670.1	85.714	14	2	0	160	201	1341	1354	0.037	26.9
Sample:N3,Pos:40088	WP_113886670.1	85.714	14	2	0	160	201	1359	1372	0.037	26.9
Sample:N3,Pos:40088	WP_113886670.1	85.714	14	2	0	160	201	1371	1384	0.037	26.9
Sample:N3,Pos:40088	WP_113886670.1	85.714	14	2	0	160	201	1401	1414	0.037	26.9
Sample:N3,Pos:40088	WP_113886670.1	85.714	14	2	0	160	201	1413	1426	0.037	26.9
Sample:N3,Pos:40088	WP_113886670.1	85.714	14	2	0	160	201	1431	1444	0.037	26.9
Sample:N3,Pos:40088	WP_113886670.1	85.714	14	2	0	160	201	1443	1456	0.037	26.9
Sample:N3,Pos:40088	WP_113886670.1	85.714	14	2	0	160	201	1455	1468	0.037	26.9
Sample:N3,Pos:40088	WP_113886670.1	85.714	14	2	0	160	201	1377	1390	0.058	26.6
Sample:N3,Pos:40088	WP_113886670.1	85.714	14	2	0	160	201	1383	1396	0.058	26.6
Sample:N3,Pos:40088	WP_113886670.1	83.333	12	2	0	166	201	1325	1336	1.00	23.1
Sample:N3,Pos:40088	WP_004897026.1	33.333	24	16	0	102	173	327	350	7.1	20.8
# BLAST processed 1 queries
