# BLASTX 2.4.0+
# Query: Sample:N3,Pos:40182 <unknown description>
# Database: User specified sequence set (Input: lactobacillus_johnsonii_protein.faa)
# Fields: query id, subject id, % identity, alignment length, mismatches, gap opens, q. start, q. end, s. start, s. end, evalue, bit score
# 54 hits found
Sample:N3,Pos:40182	WP_086874545.1	96.429	28	1	0	117	200	18	45	5.09e-15	62.8
Sample:N3,Pos:40182	WP_113886670.1	100.000	21	0	0	2	64	1397	1417	3.81e-11	41.6
Sample:N3,Pos:40182	WP_113886670.1	100.000	21	0	0	2	64	1427	1447	3.81e-11	41.6
Sample:N3,Pos:40182	WP_113886670.1	100.000	17	0	0	66	116	1419	1435	3.81e-11	36.6
Sample:N3,Pos:40182	WP_113886670.1	100.000	17	0	0	66	116	1449	1465	3.81e-11	36.6
Sample:N3,Pos:40182	WP_113886670.1	95.238	21	1	0	2	64	1337	1357	9.28e-11	40.4
Sample:N3,Pos:40182	WP_113886670.1	95.238	21	1	0	2	64	1343	1363	9.28e-11	40.4
Sample:N3,Pos:40182	WP_113886670.1	95.238	21	1	0	2	64	1355	1375	9.28e-11	40.4
Sample:N3,Pos:40182	WP_113886670.1	95.238	21	1	0	2	64	1409	1429	9.28e-11	40.4
Sample:N3,Pos:40182	WP_113886670.1	100.000	17	0	0	66	116	1353	1369	9.28e-11	36.6
Sample:N3,Pos:40182	WP_113886670.1	100.000	17	0	0	66	116	1365	1381	9.28e-11	36.6
Sample:N3,Pos:40182	WP_113886670.1	100.000	17	0	0	66	116	1389	1405	9.28e-11	36.6
Sample:N3,Pos:40182	WP_113886670.1	100.000	17	0	0	66	116	1437	1453	9.28e-11	36.6
Sample:N3,Pos:40182	WP_113886670.1	90.476	21	2	0	2	64	1361	1381	2.77e-10	38.9
Sample:N3,Pos:40182	WP_113886670.1	100.000	17	0	0	66	116	1407	1423	2.77e-10	36.6
Sample:N3,Pos:40182	WP_113886670.1	90.476	21	2	0	2	64	1331	1351	6.74e-10	38.9
Sample:N3,Pos:40182	WP_113886670.1	94.118	17	1	0	66	116	1347	1363	6.74e-10	35.0
Sample:N3,Pos:40182	WP_113886670.1	90.476	21	2	0	2	64	1391	1411	7.42e-10	38.9
Sample:N3,Pos:40182	WP_113886670.1	94.118	17	1	0	66	116	1425	1441	7.42e-10	35.0
Sample:N3,Pos:40182	WP_113886670.1	90.476	21	2	0	2	64	1367	1387	8.66e-10	38.5
Sample:N3,Pos:40182	WP_113886670.1	94.118	17	1	0	66	116	1395	1411	8.66e-10	35.0
Sample:N3,Pos:40182	WP_113886670.1	90.476	21	2	0	2	64	1403	1423	1.81e-09	38.9
Sample:N3,Pos:40182	WP_113886670.1	90.476	21	2	0	2	64	1415	1435	1.81e-09	38.9
Sample:N3,Pos:40182	WP_113886670.1	88.235	17	2	0	66	116	1431	1447	1.81e-09	33.9
Sample:N3,Pos:40182	WP_113886670.1	88.235	17	2	0	66	116	1443	1459	1.81e-09	33.9
Sample:N3,Pos:40182	WP_113886670.1	90.476	21	2	0	2	64	1373	1393	2.10e-09	38.5
Sample:N3,Pos:40182	WP_113886670.1	88.235	17	2	0	66	116	1401	1417	2.10e-09	33.9
Sample:N3,Pos:40182	WP_113886670.1	90.476	21	2	0	2	64	1325	1345	2.75e-09	38.1
Sample:N3,Pos:40182	WP_113886670.1	88.235	17	2	0	66	116	1341	1357	2.75e-09	33.9
Sample:N3,Pos:40182	WP_113886670.1	85.714	21	3	0	2	64	1379	1399	5.11e-09	37.4
Sample:N3,Pos:40182	WP_113886670.1	88.235	17	2	0	66	116	1413	1429	5.11e-09	33.9
Sample:N3,Pos:40182	WP_113886670.1	95.238	21	1	0	2	64	1439	1459	8.29e-09	40.4
Sample:N3,Pos:40182	WP_113886670.1	85.714	21	3	0	2	64	1349	1369	8.29e-09	37.4
Sample:N3,Pos:40182	WP_113886670.1	88.235	17	2	0	66	116	1377	1393	8.29e-09	32.7
Sample:N3,Pos:40182	WP_113886670.1	86.667	15	2	0	66	110	1455	1469	8.29e-09	29.6
Sample:N3,Pos:40182	WP_113886670.1	100.000	17	0	0	66	116	1335	1351	1.12e-06	36.6
Sample:N3,Pos:40182	WP_113886670.1	68.421	19	6	0	8	64	1321	1339	1.12e-06	26.2
Sample:N3,Pos:40182	WP_113886670.1	90.476	21	2	0	2	64	1421	1441	2.49e-06	38.9
Sample:N3,Pos:40182	WP_113886670.1	90.476	21	2	0	2	64	1433	1453	2.49e-06	38.9
Sample:N3,Pos:40182	WP_113886670.1	90.476	21	2	0	2	64	1445	1465	2.49e-06	38.9
Sample:N3,Pos:40182	WP_113886670.1	94.737	19	1	0	2	58	1451	1469	1.14e-05	37.0
Sample:N3,Pos:40182	WP_113886670.1	80.952	21	4	0	2	64	1385	1405	3.35e-05	35.4
Sample:N3,Pos:40182	WP_113886670.1	88.235	17	2	0	66	116	1329	1345	1.50e-04	33.9
Sample:N3,Pos:40182	WP_113886670.1	88.235	17	2	0	66	116	1359	1375	1.50e-04	33.9
Sample:N3,Pos:40182	WP_113886670.1	88.235	17	2	0	66	116	1383	1399	3.27e-04	32.7
Sample:N3,Pos:40182	WP_113886670.1	82.353	17	3	0	66	116	1371	1387	0.001	31.2
Sample:N3,Pos:40182	WP_113886670.1	86.667	15	2	0	72	116	1325	1339	0.005	29.3
Sample:N3,Pos:40182	WP_113886625.1	41.026	39	17	2	8	121	518	551	0.45	23.9
Sample:N3,Pos:40182	WP_014567312.1	72.727	11	3	0	194	162	149	159	0.96	23.1
Sample:N3,Pos:40182	WP_004895097.1	31.429	35	23	1	96	197	57	91	2.0	21.9
Sample:N3,Pos:40182	WP_011161820.1	26.316	19	14	0	114	170	312	330	4.5	21.2
Sample:N3,Pos:40182	WP_086874599.1	100.000	7	0	0	95	75	332	338	7.6	20.4
Sample:N3,Pos:40182	WP_011161916.1	27.451	51	31	2	200	66	35	85	8.6	20.4
Sample:N3,Pos:40182	WP_086874714.1	21.053	38	30	0	185	72	288	325	9.1	20.4
# BLAST processed 1 queries
