# BLASTX 2.4.0+
# Query: Sample:N3,Pos:40152 <unknown description>
# Database: User specified sequence set (Input: lactobacillus_johnsonii_protein.faa)
# Fields: query id, subject id, % identity, alignment length, mismatches, gap opens, q. start, q. end, s. start, s. end, evalue, bit score
# 50 hits found
Sample:N3,Pos:40152	WP_113886670.1	100.000	31	0	0	2	94	1387	1417	4.12e-16	58.5
Sample:N3,Pos:40152	WP_113886670.1	100.000	17	0	0	96	146	1419	1435	4.12e-16	36.6
Sample:N3,Pos:40152	WP_113886670.1	96.774	31	1	0	2	94	1417	1447	1.10e-15	57.0
Sample:N3,Pos:40152	WP_113886670.1	100.000	17	0	0	96	146	1449	1465	1.10e-15	36.6
Sample:N3,Pos:40152	WP_113886670.1	93.548	31	2	0	2	94	1333	1363	3.25e-15	55.5
Sample:N3,Pos:40152	WP_113886670.1	93.548	31	2	0	2	94	1345	1375	3.25e-15	55.5
Sample:N3,Pos:40152	WP_113886670.1	93.548	31	2	0	2	94	1351	1381	3.25e-15	55.5
Sample:N3,Pos:40152	WP_113886670.1	100.000	17	0	0	96	146	1365	1381	3.25e-15	36.6
Sample:N3,Pos:40152	WP_113886670.1	100.000	17	0	0	96	146	1389	1405	3.25e-15	36.6
Sample:N3,Pos:40152	WP_113886670.1	100.000	17	0	0	96	146	1407	1423	3.25e-15	36.6
Sample:N3,Pos:40152	WP_113886670.1	90.323	31	3	0	2	94	1393	1423	8.64e-15	54.3
Sample:N3,Pos:40152	WP_113886670.1	100.000	17	0	0	96	146	1437	1453	8.64e-15	36.6
Sample:N3,Pos:40152	WP_113886670.1	90.323	31	3	0	2	94	1327	1357	1.21e-14	53.5
Sample:N3,Pos:40152	WP_113886670.1	100.000	17	0	0	96	146	1353	1369	1.21e-14	36.6
Sample:N3,Pos:40152	WP_113886670.1	90.323	31	3	0	2	94	1399	1429	2.12e-14	54.3
Sample:N3,Pos:40152	WP_113886670.1	94.118	17	1	0	96	146	1425	1441	2.12e-14	35.0
Sample:N3,Pos:40152	WP_113886670.1	90.323	31	3	0	2	94	1357	1387	2.53e-14	53.9
Sample:N3,Pos:40152	WP_113886670.1	94.118	17	1	0	96	146	1395	1411	2.53e-14	35.0
Sample:N3,Pos:40152	WP_113886670.1	90.323	31	3	0	2	94	1405	1435	5.72e-14	54.3
Sample:N3,Pos:40152	WP_113886670.1	90.323	31	3	0	2	94	1411	1441	5.72e-14	54.3
Sample:N3,Pos:40152	WP_113886670.1	88.235	17	2	0	96	146	1431	1447	5.72e-14	33.5
Sample:N3,Pos:40152	WP_113886670.1	88.235	17	2	0	96	146	1443	1459	5.72e-14	33.5
Sample:N3,Pos:40152	WP_113886670.1	90.323	31	3	0	2	94	1363	1393	6.84e-14	53.9
Sample:N3,Pos:40152	WP_113886670.1	90.323	31	3	0	2	94	1381	1411	6.84e-14	53.9
Sample:N3,Pos:40152	WP_113886670.1	88.235	17	2	0	96	146	1401	1417	6.84e-14	33.5
Sample:N3,Pos:40152	WP_113886670.1	88.235	17	2	0	96	146	1413	1429	6.84e-14	33.5
Sample:N3,Pos:40152	WP_113886670.1	87.097	31	4	0	2	94	1339	1369	3.35e-13	52.4
Sample:N3,Pos:40152	WP_113886670.1	88.235	17	2	0	96	146	1377	1393	3.35e-13	32.7
Sample:N3,Pos:40152	WP_113886670.1	90.323	31	3	0	2	94	1423	1453	7.73e-13	54.3
Sample:N3,Pos:40152	WP_113886670.1	86.667	15	2	0	96	140	1455	1469	7.73e-13	29.6
Sample:N3,Pos:40152	WP_113886670.1	77.419	31	7	0	2	94	1321	1351	6.49e-12	45.8
Sample:N3,Pos:40152	WP_113886670.1	94.118	17	1	0	96	146	1347	1363	6.49e-12	35.0
Sample:N3,Pos:40152	WP_113886670.1	90.323	31	3	0	2	94	1429	1459	8.86e-12	54.3
Sample:N3,Pos:40152	WP_113886670.1	90.323	31	3	0	2	94	1435	1465	8.86e-12	54.3
Sample:N3,Pos:40152	WP_113886670.1	87.097	31	4	0	2	94	1369	1399	4.04e-11	52.4
Sample:N3,Pos:40152	WP_113886670.1	93.103	29	2	0	2	88	1441	1469	4.33e-11	52.0
Sample:N3,Pos:40152	WP_113886670.1	83.871	31	5	0	2	94	1375	1405	1.31e-10	50.8
Sample:N3,Pos:40152	WP_113886670.1	100.000	17	0	0	96	146	1335	1351	1.55e-05	36.6
Sample:N3,Pos:40152	WP_113886670.1	46.512	43	23	0	2	130	1453	1495	9.06e-05	34.3
Sample:N3,Pos:40152	WP_113886670.1	88.235	17	2	0	96	146	1329	1345	1.53e-04	33.5
Sample:N3,Pos:40152	WP_113886670.1	88.235	17	2	0	96	146	1341	1357	1.53e-04	33.5
Sample:N3,Pos:40152	WP_113886670.1	88.235	17	2	0	96	146	1359	1375	1.53e-04	33.5
Sample:N3,Pos:40152	WP_113886670.1	88.235	17	2	0	96	146	1383	1399	3.50e-04	32.7
Sample:N3,Pos:40152	WP_113886670.1	82.353	17	3	0	96	146	1371	1387	0.001	31.2
Sample:N3,Pos:40152	WP_113886670.1	86.667	15	2	0	102	146	1325	1339	0.005	29.6
Sample:N3,Pos:40152	WP_086874545.1	94.444	18	1	0	147	200	18	35	1.11e-07	42.4
Sample:N3,Pos:40152	WP_086874599.1	100.000	7	0	0	125	105	332	338	5.7	20.8
Sample:N3,Pos:40152	WP_011161820.1	26.316	19	14	0	144	200	312	330	5.7	20.8
Sample:N3,Pos:40152	WP_004897026.1	33.333	24	16	0	38	109	327	350	6.6	20.8
Sample:N3,Pos:40152	WP_113886625.1	33.333	45	18	2	20	151	518	551	8.8	20.4
# BLAST processed 1 queries
