# BLASTX 2.4.0+
# Query: Sample:N3,Pos:40158 <unknown description>
# Database: User specified sequence set (Input: lactobacillus_johnsonii_protein.faa)
# Fields: query id, subject id, % identity, alignment length, mismatches, gap opens, q. start, q. end, s. start, s. end, evalue, bit score
# 51 hits found
Sample:N3,Pos:40158	WP_113886670.1	100.000	29	0	0	2	88	1389	1417	5.25e-15	54.7
Sample:N3,Pos:40158	WP_113886670.1	100.000	29	0	0	2	88	1419	1447	5.25e-15	54.7
Sample:N3,Pos:40158	WP_113886670.1	100.000	17	0	0	90	140	1419	1435	5.25e-15	36.6
Sample:N3,Pos:40158	WP_113886670.1	100.000	17	0	0	90	140	1449	1465	5.25e-15	36.6
Sample:N3,Pos:40158	WP_113886670.1	96.552	29	1	0	2	88	1335	1363	1.44e-14	53.1
Sample:N3,Pos:40158	WP_113886670.1	96.552	29	1	0	2	88	1347	1375	1.44e-14	53.1
Sample:N3,Pos:40158	WP_113886670.1	100.000	17	0	0	90	140	1365	1381	1.44e-14	36.6
Sample:N3,Pos:40158	WP_113886670.1	100.000	17	0	0	90	140	1389	1405	1.44e-14	36.6
Sample:N3,Pos:40158	WP_113886670.1	93.103	29	2	0	2	88	1329	1357	4.13e-14	51.6
Sample:N3,Pos:40158	WP_113886670.1	93.103	29	2	0	2	88	1353	1381	4.13e-14	51.6
Sample:N3,Pos:40158	WP_113886670.1	93.103	29	2	0	2	88	1401	1429	4.13e-14	51.6
Sample:N3,Pos:40158	WP_113886670.1	100.000	17	0	0	90	140	1353	1369	4.13e-14	36.6
Sample:N3,Pos:40158	WP_113886670.1	100.000	17	0	0	90	140	1407	1423	4.13e-14	36.6
Sample:N3,Pos:40158	WP_113886670.1	100.000	17	0	0	90	140	1437	1453	4.13e-14	36.6
Sample:N3,Pos:40158	WP_113886670.1	93.103	29	2	0	2	88	1365	1393	1.16e-13	51.6
Sample:N3,Pos:40158	WP_113886670.1	94.118	17	1	0	90	140	1395	1411	1.16e-13	35.0
Sample:N3,Pos:40158	WP_113886670.1	93.103	29	2	0	2	88	1407	1435	2.73e-13	51.6
Sample:N3,Pos:40158	WP_113886670.1	88.235	17	2	0	90	140	1431	1447	2.73e-13	33.9
Sample:N3,Pos:40158	WP_113886670.1	89.655	29	3	0	2	88	1395	1423	3.06e-13	50.1
Sample:N3,Pos:40158	WP_113886670.1	94.118	17	1	0	90	140	1425	1441	3.06e-13	35.0
Sample:N3,Pos:40158	WP_113886670.1	89.655	29	3	0	2	88	1413	1441	7.79e-13	50.1
Sample:N3,Pos:40158	WP_113886670.1	88.235	17	2	0	90	140	1443	1459	7.79e-13	33.9
Sample:N3,Pos:40158	WP_113886670.1	89.655	29	3	0	2	88	1359	1387	8.45e-13	50.1
Sample:N3,Pos:40158	WP_113886670.1	89.655	29	3	0	2	88	1383	1411	8.45e-13	50.1
Sample:N3,Pos:40158	WP_113886670.1	88.235	17	2	0	90	140	1401	1417	8.45e-13	33.9
Sample:N3,Pos:40158	WP_113886670.1	88.235	17	2	0	90	140	1413	1429	8.45e-13	33.9
Sample:N3,Pos:40158	WP_113886670.1	93.103	29	2	0	2	88	1431	1459	3.65e-12	51.6
Sample:N3,Pos:40158	WP_113886670.1	86.667	15	2	0	90	134	1455	1469	3.65e-12	30.0
Sample:N3,Pos:40158	WP_113886670.1	86.207	29	4	0	2	88	1341	1369	4.06e-12	48.5
Sample:N3,Pos:40158	WP_113886670.1	88.235	17	2	0	90	140	1377	1393	4.06e-12	32.7
Sample:N3,Pos:40158	WP_113886670.1	85.185	27	4	0	8	88	1325	1351	1.09e-11	45.1
Sample:N3,Pos:40158	WP_113886670.1	94.118	17	1	0	90	140	1347	1363	1.09e-11	35.0
Sample:N3,Pos:40158	WP_113886670.1	93.103	29	2	0	2	88	1437	1465	6.04e-11	51.6
Sample:N3,Pos:40158	WP_113886670.1	89.655	29	3	0	2	88	1425	1453	2.14e-10	50.1
Sample:N3,Pos:40158	WP_113886670.1	86.207	29	4	0	2	88	1371	1399	7.94e-10	48.5
Sample:N3,Pos:40158	WP_113886670.1	86.207	29	4	0	2	88	1377	1405	7.94e-10	48.5
Sample:N3,Pos:40158	WP_113886670.1	92.593	27	2	0	2	82	1443	1469	9.56e-10	48.5
Sample:N3,Pos:40158	WP_113886670.1	80.000	25	5	0	14	88	1321	1345	2.84e-09	38.1
Sample:N3,Pos:40158	WP_113886670.1	88.235	17	2	0	90	140	1341	1357	2.84e-09	33.9
Sample:N3,Pos:40158	WP_113886670.1	100.000	17	0	0	90	140	1335	1351	1.49e-05	36.6
Sample:N3,Pos:40158	WP_113886670.1	88.235	17	2	0	90	140	1329	1345	1.47e-04	33.9
Sample:N3,Pos:40158	WP_113886670.1	88.235	17	2	0	90	140	1359	1375	1.47e-04	33.9
Sample:N3,Pos:40158	WP_113886670.1	88.235	17	2	0	90	140	1383	1399	3.20e-04	32.7
Sample:N3,Pos:40158	WP_113886670.1	82.353	17	3	0	90	140	1371	1387	0.001	31.2
Sample:N3,Pos:40158	WP_113886670.1	43.902	41	23	0	2	124	1455	1495	0.002	30.8
Sample:N3,Pos:40158	WP_113886670.1	86.667	15	2	0	96	140	1325	1339	0.005	29.6
Sample:N3,Pos:40158	WP_086874545.1	95.000	20	1	0	141	200	18	37	6.29e-09	45.8
Sample:N3,Pos:40158	WP_011161820.1	26.316	19	14	0	138	194	312	330	4.9	21.2
Sample:N3,Pos:40158	WP_086874599.1	100.000	7	0	0	119	99	332	338	5.8	20.8
Sample:N3,Pos:40158	WP_004897026.1	33.333	24	16	0	32	103	327	350	6.5	20.8
Sample:N3,Pos:40158	WP_113886625.1	33.333	45	18	2	14	145	518	551	8.3	20.4
# BLAST processed 1 queries
