# BLASTX 2.4.0+
# Query: Sample:N3,Pos:40155 <unknown description>
# Database: User specified sequence set (Input: lactobacillus_johnsonii_protein.faa)
# Fields: query id, subject id, % identity, alignment length, mismatches, gap opens, q. start, q. end, s. start, s. end, evalue, bit score
# 52 hits found
Sample:N3,Pos:40155	WP_113886670.1	100.000	30	0	0	2	91	1388	1417	1.37e-15	57.0
Sample:N3,Pos:40155	WP_113886670.1	100.000	17	0	0	93	143	1419	1435	1.37e-15	36.6
Sample:N3,Pos:40155	WP_113886670.1	96.667	30	1	0	2	91	1418	1447	3.64e-15	55.5
Sample:N3,Pos:40155	WP_113886670.1	100.000	17	0	0	93	143	1449	1465	3.64e-15	36.6
Sample:N3,Pos:40155	WP_113886670.1	93.333	30	2	0	2	91	1334	1363	1.08e-14	53.9
Sample:N3,Pos:40155	WP_113886670.1	93.333	30	2	0	2	91	1346	1375	1.08e-14	53.9
Sample:N3,Pos:40155	WP_113886670.1	93.333	30	2	0	2	91	1352	1381	1.08e-14	53.9
Sample:N3,Pos:40155	WP_113886670.1	100.000	17	0	0	93	143	1365	1381	1.08e-14	36.6
Sample:N3,Pos:40155	WP_113886670.1	100.000	17	0	0	93	143	1389	1405	1.08e-14	36.6
Sample:N3,Pos:40155	WP_113886670.1	100.000	17	0	0	93	143	1407	1423	1.08e-14	36.6
Sample:N3,Pos:40155	WP_113886670.1	90.000	30	3	0	2	91	1394	1423	2.86e-14	52.4
Sample:N3,Pos:40155	WP_113886670.1	100.000	17	0	0	93	143	1437	1453	2.86e-14	36.6
Sample:N3,Pos:40155	WP_113886670.1	90.000	30	3	0	2	91	1328	1357	4.00e-14	52.0
Sample:N3,Pos:40155	WP_113886670.1	100.000	17	0	0	93	143	1353	1369	4.00e-14	36.6
Sample:N3,Pos:40155	WP_113886670.1	90.000	30	3	0	2	91	1400	1429	7.07e-14	52.4
Sample:N3,Pos:40155	WP_113886670.1	94.118	17	1	0	93	143	1425	1441	7.07e-14	35.0
Sample:N3,Pos:40155	WP_113886670.1	90.000	30	3	0	2	91	1358	1387	8.32e-14	52.0
Sample:N3,Pos:40155	WP_113886670.1	94.118	17	1	0	93	143	1395	1411	8.32e-14	35.0
Sample:N3,Pos:40155	WP_113886670.1	90.000	30	3	0	2	91	1406	1435	1.91e-13	52.4
Sample:N3,Pos:40155	WP_113886670.1	90.000	30	3	0	2	91	1412	1441	1.91e-13	52.4
Sample:N3,Pos:40155	WP_113886670.1	88.235	17	2	0	93	143	1431	1447	1.91e-13	33.5
Sample:N3,Pos:40155	WP_113886670.1	88.235	17	2	0	93	143	1443	1459	1.91e-13	33.5
Sample:N3,Pos:40155	WP_113886670.1	90.000	30	3	0	2	91	1364	1393	2.25e-13	52.0
Sample:N3,Pos:40155	WP_113886670.1	90.000	30	3	0	2	91	1382	1411	2.25e-13	52.0
Sample:N3,Pos:40155	WP_113886670.1	88.235	17	2	0	93	143	1401	1417	2.25e-13	33.5
Sample:N3,Pos:40155	WP_113886670.1	88.235	17	2	0	93	143	1413	1429	2.25e-13	33.5
Sample:N3,Pos:40155	WP_113886670.1	86.667	30	4	0	2	91	1340	1369	1.11e-12	50.8
Sample:N3,Pos:40155	WP_113886670.1	88.235	17	2	0	93	143	1377	1393	1.11e-12	32.7
Sample:N3,Pos:40155	WP_113886670.1	90.000	30	3	0	2	91	1424	1453	2.51e-12	52.4
Sample:N3,Pos:40155	WP_113886670.1	86.667	15	2	0	93	137	1455	1469	2.51e-12	29.6
Sample:N3,Pos:40155	WP_113886670.1	85.185	27	4	0	11	91	1325	1351	1.13e-11	45.1
Sample:N3,Pos:40155	WP_113886670.1	94.118	17	1	0	93	143	1347	1363	1.13e-11	35.0
Sample:N3,Pos:40155	WP_113886670.1	90.000	30	3	0	2	91	1430	1459	3.59e-11	52.4
Sample:N3,Pos:40155	WP_113886670.1	90.000	30	3	0	2	91	1436	1465	3.59e-11	52.4
Sample:N3,Pos:40155	WP_113886670.1	86.667	30	4	0	2	91	1370	1399	1.61e-10	50.4
Sample:N3,Pos:40155	WP_113886670.1	92.857	28	2	0	2	85	1442	1469	1.79e-10	50.4
Sample:N3,Pos:40155	WP_113886670.1	83.333	30	5	0	2	91	1376	1405	5.21e-10	49.3
Sample:N3,Pos:40155	WP_113886670.1	80.000	25	5	0	17	91	1321	1345	2.81e-09	38.1
Sample:N3,Pos:40155	WP_113886670.1	88.235	17	2	0	93	143	1341	1357	2.81e-09	33.5
Sample:N3,Pos:40155	WP_113886670.1	100.000	17	0	0	93	143	1335	1351	1.62e-05	36.6
Sample:N3,Pos:40155	WP_113886670.1	88.235	17	2	0	93	143	1329	1345	1.61e-04	33.5
Sample:N3,Pos:40155	WP_113886670.1	88.235	17	2	0	93	143	1359	1375	1.61e-04	33.5
Sample:N3,Pos:40155	WP_113886670.1	88.235	17	2	0	93	143	1383	1399	3.68e-04	32.7
Sample:N3,Pos:40155	WP_113886670.1	45.238	42	23	0	2	127	1454	1495	3.68e-04	32.7
Sample:N3,Pos:40155	WP_113886670.1	82.353	17	3	0	93	143	1371	1387	0.001	31.2
Sample:N3,Pos:40155	WP_113886670.1	86.667	15	2	0	99	143	1325	1339	0.005	29.6
Sample:N3,Pos:40155	WP_086874545.1	94.737	19	1	0	144	200	18	36	3.32e-08	43.9
Sample:N3,Pos:40155	WP_086874599.1	100.000	7	0	0	122	102	332	338	5.0	21.2
Sample:N3,Pos:40155	WP_011161820.1	26.316	19	14	0	141	197	312	330	5.5	20.8
Sample:N3,Pos:40155	WP_004897026.1	33.333	24	16	0	35	106	327	350	7.6	20.4
Sample:N3,Pos:40155	WP_113886625.1	33.333	45	18	2	17	148	518	551	9.2	20.4
Sample:N3,Pos:40155	WP_011161916.1	27.500	40	24	1	197	93	46	85	9.9	20.0
# BLAST processed 1 queries
