# BLASTX 2.4.0+
# Query: Sample:N3,Pos:40085 <unknown description>
# Database: User specified sequence set (Input: lactobacillus_johnsonii_protein.faa)
# Fields: query id, subject id, % identity, alignment length, mismatches, gap opens, q. start, q. end, s. start, s. end, evalue, bit score
# 43 hits found
Sample:N3,Pos:40085	WP_113886670.1	98.113	53	1	0	3	161	1365	1417	3.15e-26	95.1
Sample:N3,Pos:40085	WP_113886670.1	96.226	53	2	0	3	161	1395	1447	6.41e-26	94.4
Sample:N3,Pos:40085	WP_113886670.1	94.340	53	3	0	3	161	1407	1459	2.76e-25	92.4
Sample:N3,Pos:40085	WP_113886670.1	94.340	53	3	0	3	161	1335	1387	3.96e-25	92.0
Sample:N3,Pos:40085	WP_113886670.1	92.453	53	4	0	3	161	1389	1441	8.05e-25	91.3
Sample:N3,Pos:40085	WP_113886670.1	90.566	53	5	0	3	161	1329	1381	3.47e-24	89.4
Sample:N3,Pos:40085	WP_113886670.1	94.118	51	3	0	3	155	1419	1469	4.60e-24	89.0
Sample:N3,Pos:40085	WP_113886670.1	90.566	53	5	0	3	161	1341	1393	4.97e-24	89.0
Sample:N3,Pos:40085	WP_113886670.1	90.566	53	5	0	3	161	1353	1405	4.97e-24	89.0
Sample:N3,Pos:40085	WP_113886670.1	90.566	53	5	0	3	161	1377	1429	4.97e-24	89.0
Sample:N3,Pos:40085	WP_113886670.1	88.679	53	6	0	3	161	1401	1453	1.01e-23	88.2
Sample:N3,Pos:40085	WP_113886670.1	88.679	53	6	0	3	161	1413	1465	1.01e-23	88.2
Sample:N3,Pos:40085	WP_113886670.1	88.679	53	6	0	3	161	1359	1411	1.45e-23	87.4
Sample:N3,Pos:40085	WP_113886670.1	88.679	53	6	0	3	161	1371	1423	1.45e-23	87.4
Sample:N3,Pos:40085	WP_113886670.1	88.679	53	6	0	3	161	1383	1435	1.45e-23	87.4
Sample:N3,Pos:40085	WP_113886670.1	92.157	51	4	0	9	161	1325	1375	2.06e-23	87.0
Sample:N3,Pos:40085	WP_113886670.1	88.679	53	6	0	3	161	1347	1399	2.14e-23	87.0
Sample:N3,Pos:40085	WP_113886670.1	79.592	49	10	0	15	161	1321	1369	3.48e-18	72.4
Sample:N3,Pos:40085	WP_113886670.1	60.000	65	26	0	3	197	1431	1495	1.47e-16	67.8
Sample:N3,Pos:40085	WP_113886670.1	100.000	13	0	0	163	201	1335	1347	0.013	28.5
Sample:N3,Pos:40085	WP_113886670.1	100.000	13	0	0	163	201	1353	1365	0.013	28.5
Sample:N3,Pos:40085	WP_113886670.1	100.000	13	0	0	163	201	1365	1377	0.013	28.5
Sample:N3,Pos:40085	WP_113886670.1	100.000	13	0	0	163	201	1389	1401	0.013	28.5
Sample:N3,Pos:40085	WP_113886670.1	100.000	13	0	0	163	201	1407	1419	0.013	28.5
Sample:N3,Pos:40085	WP_113886670.1	100.000	13	0	0	163	201	1419	1431	0.013	28.5
Sample:N3,Pos:40085	WP_113886670.1	100.000	13	0	0	163	201	1437	1449	0.013	28.5
Sample:N3,Pos:40085	WP_113886670.1	100.000	13	0	0	163	201	1449	1461	0.013	28.5
Sample:N3,Pos:40085	WP_113886670.1	92.308	13	1	0	163	201	1347	1359	0.040	26.9
Sample:N3,Pos:40085	WP_113886670.1	92.308	13	1	0	163	201	1395	1407	0.042	26.9
Sample:N3,Pos:40085	WP_113886670.1	92.308	13	1	0	163	201	1425	1437	0.042	26.9
Sample:N3,Pos:40085	WP_113886670.1	84.615	13	2	0	163	201	1329	1341	0.13	25.4
Sample:N3,Pos:40085	WP_113886670.1	84.615	13	2	0	163	201	1341	1353	0.13	25.4
Sample:N3,Pos:40085	WP_113886670.1	84.615	13	2	0	163	201	1359	1371	0.13	25.4
Sample:N3,Pos:40085	WP_113886670.1	84.615	13	2	0	163	201	1371	1383	0.13	25.4
Sample:N3,Pos:40085	WP_113886670.1	84.615	13	2	0	163	201	1401	1413	0.13	25.4
Sample:N3,Pos:40085	WP_113886670.1	84.615	13	2	0	163	201	1413	1425	0.13	25.4
Sample:N3,Pos:40085	WP_113886670.1	84.615	13	2	0	163	201	1431	1443	0.13	25.4
Sample:N3,Pos:40085	WP_113886670.1	84.615	13	2	0	163	201	1443	1455	0.13	25.4
Sample:N3,Pos:40085	WP_113886670.1	84.615	13	2	0	163	201	1455	1467	0.13	25.4
Sample:N3,Pos:40085	WP_113886670.1	84.615	13	2	0	163	201	1377	1389	0.20	25.0
Sample:N3,Pos:40085	WP_113886670.1	84.615	13	2	0	163	201	1383	1395	0.20	25.0
Sample:N3,Pos:40085	WP_113886670.1	81.818	11	2	0	169	201	1325	1335	3.7	21.6
Sample:N3,Pos:40085	WP_004897026.1	33.333	24	16	0	105	176	327	350	5.6	20.8
# BLAST processed 1 queries
