# BLASTX 2.4.0+
# Query: Sample:N3,Pos:40164 <unknown description>
# Database: User specified sequence set (Input: lactobacillus_johnsonii_protein.faa)
# Fields: query id, subject id, % identity, alignment length, mismatches, gap opens, q. start, q. end, s. start, s. end, evalue, bit score
# 53 hits found
Sample:N3,Pos:40164	WP_113886670.1	100.000	27	0	0	2	82	1391	1417	3.90e-14	51.6
Sample:N3,Pos:40164	WP_113886670.1	100.000	27	0	0	2	82	1421	1447	3.90e-14	51.6
Sample:N3,Pos:40164	WP_113886670.1	100.000	17	0	0	84	134	1419	1435	3.90e-14	36.6
Sample:N3,Pos:40164	WP_113886670.1	100.000	17	0	0	84	134	1449	1465	3.90e-14	36.6
Sample:N3,Pos:40164	WP_113886670.1	96.296	27	1	0	2	82	1337	1363	1.06e-13	50.1
Sample:N3,Pos:40164	WP_113886670.1	96.296	27	1	0	2	82	1349	1375	1.06e-13	50.1
Sample:N3,Pos:40164	WP_113886670.1	100.000	17	0	0	84	134	1365	1381	1.06e-13	36.6
Sample:N3,Pos:40164	WP_113886670.1	100.000	17	0	0	84	134	1389	1405	1.06e-13	36.6
Sample:N3,Pos:40164	WP_113886670.1	92.593	27	2	0	2	82	1331	1357	2.99e-13	48.5
Sample:N3,Pos:40164	WP_113886670.1	92.593	27	2	0	2	82	1355	1381	2.99e-13	48.5
Sample:N3,Pos:40164	WP_113886670.1	92.593	27	2	0	2	82	1403	1429	2.99e-13	48.5
Sample:N3,Pos:40164	WP_113886670.1	100.000	17	0	0	84	134	1353	1369	2.99e-13	36.6
Sample:N3,Pos:40164	WP_113886670.1	100.000	17	0	0	84	134	1407	1423	2.99e-13	36.6
Sample:N3,Pos:40164	WP_113886670.1	100.000	17	0	0	84	134	1437	1453	2.99e-13	36.6
Sample:N3,Pos:40164	WP_113886670.1	92.593	27	2	0	2	82	1367	1393	8.88e-13	48.5
Sample:N3,Pos:40164	WP_113886670.1	94.118	17	1	0	84	134	1395	1411	8.88e-13	35.0
Sample:N3,Pos:40164	WP_113886670.1	92.593	27	2	0	2	82	1409	1435	1.98e-12	48.5
Sample:N3,Pos:40164	WP_113886670.1	88.235	17	2	0	84	134	1431	1447	1.98e-12	33.9
Sample:N3,Pos:40164	WP_113886670.1	88.889	27	3	0	2	82	1397	1423	2.19e-12	47.4
Sample:N3,Pos:40164	WP_113886670.1	94.118	17	1	0	84	134	1425	1441	2.19e-12	35.0
Sample:N3,Pos:40164	WP_113886670.1	88.889	27	3	0	2	82	1415	1441	5.57e-12	47.4
Sample:N3,Pos:40164	WP_113886670.1	88.235	17	2	0	84	134	1443	1459	5.57e-12	33.9
Sample:N3,Pos:40164	WP_113886670.1	88.889	27	3	0	2	82	1361	1387	6.34e-12	47.0
Sample:N3,Pos:40164	WP_113886670.1	88.889	27	3	0	2	82	1385	1411	6.34e-12	47.0
Sample:N3,Pos:40164	WP_113886670.1	88.235	17	2	0	84	134	1401	1417	6.34e-12	33.9
Sample:N3,Pos:40164	WP_113886670.1	88.235	17	2	0	84	134	1413	1429	6.34e-12	33.9
Sample:N3,Pos:40164	WP_113886670.1	85.185	27	4	0	2	82	1325	1351	8.29e-12	45.1
Sample:N3,Pos:40164	WP_113886670.1	94.118	17	1	0	84	134	1347	1363	8.29e-12	35.4
Sample:N3,Pos:40164	WP_113886670.1	92.593	27	2	0	2	82	1433	1459	2.73e-11	48.5
Sample:N3,Pos:40164	WP_113886670.1	86.667	15	2	0	84	128	1455	1469	2.73e-11	30.0
Sample:N3,Pos:40164	WP_113886670.1	85.185	27	4	0	2	82	1343	1369	3.03e-11	45.8
Sample:N3,Pos:40164	WP_113886670.1	88.235	17	2	0	84	134	1377	1393	3.03e-11	32.7
Sample:N3,Pos:40164	WP_113886670.1	92.593	27	2	0	2	82	1439	1465	7.20e-10	48.5
Sample:N3,Pos:40164	WP_113886670.1	80.000	25	5	0	8	82	1321	1345	2.32e-09	38.1
Sample:N3,Pos:40164	WP_113886670.1	88.235	17	2	0	84	134	1341	1357	2.32e-09	33.9
Sample:N3,Pos:40164	WP_113886670.1	88.889	27	3	0	2	82	1427	1453	2.50e-09	47.4
Sample:N3,Pos:40164	WP_113886670.1	85.185	27	4	0	2	82	1373	1399	9.77e-09	45.4
Sample:N3,Pos:40164	WP_113886670.1	85.185	27	4	0	2	82	1379	1405	9.77e-09	45.4
Sample:N3,Pos:40164	WP_113886670.1	92.000	25	2	0	2	76	1445	1469	1.17e-08	45.4
Sample:N3,Pos:40164	WP_113886670.1	100.000	17	0	0	84	134	1335	1351	1.35e-05	36.6
Sample:N3,Pos:40164	WP_113886670.1	88.235	17	2	0	84	134	1329	1345	1.34e-04	33.9
Sample:N3,Pos:40164	WP_113886670.1	88.235	17	2	0	84	134	1359	1375	1.34e-04	33.9
Sample:N3,Pos:40164	WP_113886670.1	88.235	17	2	0	84	134	1383	1399	3.14e-04	32.7
Sample:N3,Pos:40164	WP_113886670.1	82.353	17	3	0	84	134	1371	1387	0.001	31.6
Sample:N3,Pos:40164	WP_113886670.1	86.667	15	2	0	90	134	1325	1339	0.005	29.6
Sample:N3,Pos:40164	WP_113886670.1	41.026	39	23	0	2	118	1457	1495	0.022	27.7
Sample:N3,Pos:40164	WP_086874545.1	95.455	22	1	0	135	200	18	39	4.84e-10	48.9
Sample:N3,Pos:40164	WP_011161820.1	26.316	19	14	0	132	188	312	330	4.7	21.2
Sample:N3,Pos:40164	WP_086875124.1	38.889	18	11	0	144	197	138	155	6.8	20.8
Sample:N3,Pos:40164	WP_086874599.1	100.000	7	0	0	113	93	332	338	7.1	20.8
Sample:N3,Pos:40164	WP_004897026.1	33.333	24	16	0	26	97	327	350	7.9	20.4
Sample:N3,Pos:40164	WP_113886625.1	33.333	45	18	2	8	139	518	551	8.3	20.4
Sample:N3,Pos:40164	WP_086874714.1	21.622	37	29	0	200	90	289	325	8.5	20.4
# BLAST processed 1 queries
