# BLASTX 2.4.0+
# Query: Sample:N1,Pos:4566 <unknown description>
# Database: User specified sequence set (Input: clostridium_sporogenes_protein.faa)
# Fields: query id, subject id, % identity, alignment length, mismatches, gap opens, q. start, q. end, s. start, s. end, evalue, bit score
# 59 hits found
Sample:N1,Pos:4566	WP_003496522.1	64.815	54	18	1	2	163	28	80	2.22e-18	67.8
Sample:N1,Pos:4566	WP_033061250.1	37.097	62	36	1	14	199	5	63	3.43e-08	43.9
Sample:N1,Pos:4566	WP_004461542.1	58.621	29	12	0	101	187	21	49	2.74e-06	38.5
Sample:N1,Pos:4566	WP_003490537.1	48.485	33	17	0	92	190	21	53	1.47e-05	36.2
Sample:N1,Pos:4566	WP_003490956.1	54.545	33	15	0	101	199	26	58	2.26e-05	35.8
Sample:N1,Pos:4566	WP_003492950.1	34.615	52	31	1	35	190	2	50	3.03e-05	35.4
Sample:N1,Pos:4566	WP_052691695.1	50.000	34	16	1	101	199	358	391	3.14e-05	35.4
Sample:N1,Pos:4566	WP_003494611.1	40.541	37	22	0	89	199	21	57	7.16e-05	34.3
Sample:N1,Pos:4566	WP_003491790.1	40.909	44	25	1	68	199	13	55	7.26e-05	34.3
Sample:N1,Pos:4566	WP_003490952.1	46.512	43	18	1	86	199	8	50	1.06e-04	33.9
Sample:N1,Pos:4566	WP_003493156.1	45.714	35	18	1	98	199	24	58	1.29e-04	33.9
Sample:N1,Pos:4566	WP_003493351.1	41.935	31	18	0	104	196	22	52	2.52e-04	32.7
Sample:N1,Pos:4566	WP_046869919.1	46.875	32	17	0	101	196	21	52	2.91e-04	32.7
Sample:N1,Pos:4566	WP_046869919.1	50.000	16	8	0	140	187	294	309	9.7	20.0
Sample:N1,Pos:4566	WP_040109546.1	47.059	34	18	0	98	199	23	56	3.13e-04	32.7
Sample:N1,Pos:4566	WP_003491121.1	45.455	33	18	0	101	199	24	56	3.36e-04	32.7
Sample:N1,Pos:4566	WP_003493359.1	32.609	46	31	0	44	181	1	46	4.43e-04	32.3
Sample:N1,Pos:4566	WP_040109210.1	45.455	33	18	0	101	199	25	57	4.98e-04	32.0
Sample:N1,Pos:4566	WP_077272573.1	41.667	36	21	0	92	199	16	51	6.10e-04	32.0
Sample:N1,Pos:4566	WP_040108466.1	37.209	43	26	1	71	199	17	58	7.70e-04	31.6
Sample:N1,Pos:4566	WP_003490356.1	41.176	34	20	0	98	199	24	57	7.75e-04	31.6
Sample:N1,Pos:4566	WP_003494915.1	34.615	52	33	1	44	196	10	61	8.49e-04	31.6
Sample:N1,Pos:4566	WP_040108298.1	39.394	33	16	1	80	178	17	45	0.001	30.8
Sample:N1,Pos:4566	WP_040108298.1	37.500	32	20	0	92	187	266	297	0.18	25.0
Sample:N1,Pos:4566	WP_003492465.1	37.209	43	27	0	53	181	4	46	0.002	30.4
Sample:N1,Pos:4566	WP_003492493.1	42.105	38	22	0	86	199	18	55	0.002	30.4
Sample:N1,Pos:4566	WP_046869879.1	39.474	38	18	1	65	178	22	54	0.002	30.0
Sample:N1,Pos:4566	WP_003493442.1	38.235	34	21	0	98	199	26	59	0.003	29.6
Sample:N1,Pos:4566	WP_033059225.1	38.235	34	21	0	98	199	26	59	0.003	29.6
Sample:N1,Pos:4566	WP_046869915.1	41.379	29	17	0	101	187	21	49	0.005	29.3
Sample:N1,Pos:4566	WP_045884812.1	34.146	41	25	1	83	199	11	51	0.006	29.3
Sample:N1,Pos:4566	WP_040108247.1	35.849	53	25	1	29	187	7	50	0.007	28.9
Sample:N1,Pos:4566	WP_003496432.1	39.394	33	20	0	98	196	19	51	0.007	28.9
Sample:N1,Pos:4566	WP_040108001.1	44.118	34	18	1	98	196	20	53	0.008	28.5
Sample:N1,Pos:4566	WP_033058995.1	39.394	33	20	0	101	199	19	51	0.013	28.1
Sample:N1,Pos:4566	WP_033061228.1	34.146	41	26	1	65	187	18	57	0.022	27.3
Sample:N1,Pos:4566	WP_033058457.1	40.625	32	19	0	104	199	26	57	0.025	27.3
Sample:N1,Pos:4566	WP_003494485.1	36.667	30	19	0	98	187	18	47	0.037	26.9
Sample:N1,Pos:4566	WP_003492070.1	37.500	32	20	0	104	199	27	58	0.051	26.6
Sample:N1,Pos:4566	WP_003493221.1	39.130	46	22	3	56	178	130	174	0.096	25.8
Sample:N1,Pos:4566	WP_003491106.1	36.364	33	21	0	101	199	19	51	0.22	24.6
Sample:N1,Pos:4566	WP_003358207.1	45.833	24	13	0	128	199	4	27	0.31	24.3
Sample:N1,Pos:4566	WP_003494692.1	34.483	29	19	0	101	187	20	48	0.39	23.9
Sample:N1,Pos:4566	WP_033059479.1	32.500	40	25	2	80	196	19	57	0.43	23.9
Sample:N1,Pos:4566	WP_040108260.1	35.556	45	27	1	53	181	2	46	0.58	23.5
Sample:N1,Pos:4566	WP_080941281.1	37.255	51	25	2	47	187	819	866	0.59	23.5
Sample:N1,Pos:4566	WP_003496360.1	27.778	36	24	1	80	181	120	155	1.0	22.7
Sample:N1,Pos:4566	WP_003490946.1	50.000	16	8	0	131	178	30	45	1.1	22.7
Sample:N1,Pos:4566	WP_040108543.1	41.379	29	16	1	59	145	53	80	1.2	22.7
Sample:N1,Pos:4566	WP_033061483.1	30.435	46	25	2	17	133	65	110	1.4	22.3
Sample:N1,Pos:4566	WP_046869768.1	64.286	14	5	0	143	184	1	14	1.6	22.3
Sample:N1,Pos:4566	WP_033059377.1	38.889	18	11	0	11	64	113	130	2.9	21.6
Sample:N1,Pos:4566	WP_003494252.1	66.667	12	4	0	91	56	140	151	5.4	20.8
Sample:N1,Pos:4566	WP_040109277.1	21.429	28	22	0	2	85	41	68	5.5	20.8
Sample:N1,Pos:4566	WP_046869979.1	52.941	17	5	1	20	70	39	52	5.9	20.8
Sample:N1,Pos:4566	WP_040109418.1	36.364	22	14	0	122	187	2	23	6.5	20.8
Sample:N1,Pos:4566	WP_033058460.1	33.333	30	20	0	97	8	78	107	8.5	20.0
Sample:N1,Pos:4566	WP_040109203.1	50.000	14	7	0	8	49	103	116	9.0	20.0
Sample:N1,Pos:4566	WP_040109101.1	43.750	16	9	0	140	187	33	48	9.7	20.0
# BLAST processed 1 queries
