# BLASTX 2.4.0+
# Query: Sample:N1,Pos:4705 <unknown description>
# Database: User specified sequence set (Input: clostridium_sporogenes_protein.faa)
# Fields: query id, subject id, % identity, alignment length, mismatches, gap opens, q. start, q. end, s. start, s. end, evalue, bit score
# 60 hits found
Sample:N1,Pos:4705	WP_003490537.1	37.313	67	41	1	1	198	37	103	1.99e-12	55.5
Sample:N1,Pos:4705	WP_033061250.1	42.029	69	30	1	1	177	44	112	4.10e-12	54.7
Sample:N1,Pos:4705	WP_003494611.1	38.462	78	36	3	1	198	38	115	3.62e-10	49.3
Sample:N1,Pos:4705	WP_003490356.1	43.478	69	29	1	1	177	38	106	4.39e-10	48.9
Sample:N1,Pos:4705	WP_003493156.1	38.028	71	40	1	1	201	38	108	4.67e-10	49.3
Sample:N1,Pos:4705	WP_040109210.1	43.478	69	29	1	1	177	38	106	1.25e-09	47.8
Sample:N1,Pos:4705	WP_003490952.1	42.857	63	30	1	1	189	31	87	1.64e-09	47.0
Sample:N1,Pos:4705	WP_003483065.1	38.571	70	34	1	1	183	33	102	8.99e-09	45.4
Sample:N1,Pos:4705	WP_003490956.1	39.130	69	32	1	1	177	39	107	1.09e-07	42.4
Sample:N1,Pos:4705	WP_040108466.1	32.877	73	39	1	1	189	39	111	2.07e-07	41.6
Sample:N1,Pos:4705	WP_003492070.1	34.247	73	38	1	1	189	39	111	3.23e-07	41.2
Sample:N1,Pos:4705	WP_077272573.1	35.714	70	32	2	1	177	32	99	3.57e-07	40.8
Sample:N1,Pos:4705	WP_003491121.1	37.333	75	35	2	1	192	37	110	5.67e-07	40.4
Sample:N1,Pos:4705	WP_033058457.1	34.722	72	37	1	1	186	38	109	6.32e-07	40.0
Sample:N1,Pos:4705	WP_003493442.1	30.435	69	38	1	1	177	40	108	1.06e-06	39.7
Sample:N1,Pos:4705	WP_003496432.1	33.824	68	39	2	1	186	33	100	1.76e-05	36.2
Sample:N1,Pos:4705	WP_040109546.1	35.135	74	28	2	1	177	37	105	1.80e-05	36.2
Sample:N1,Pos:4705	WP_003492493.1	32.000	75	39	2	1	192	36	109	2.21e-05	35.8
Sample:N1,Pos:4705	WP_004461542.1	36.486	74	35	4	1	189	34	106	2.28e-05	35.8
Sample:N1,Pos:4705	WP_033058995.1	31.944	72	40	1	1	189	32	103	2.58e-05	35.8
Sample:N1,Pos:4705	WP_003491790.1	30.435	69	38	2	1	177	36	104	3.88e-05	35.0
Sample:N1,Pos:4705	WP_033059225.1	28.767	73	42	1	1	189	40	112	4.18e-05	35.0
Sample:N1,Pos:4705	WP_003494485.1	37.879	66	37	3	1	186	32	97	5.02e-05	35.0
Sample:N1,Pos:4705	WP_052691695.1	44.118	34	19	0	1	102	371	404	1.87e-04	33.5
Sample:N1,Pos:4705	WP_040109191.1	31.429	70	41	2	7	198	381	449	2.36e-04	33.1
Sample:N1,Pos:4705	WP_046869768.1	27.778	72	38	2	4	183	1	70	4.07e-04	32.3
Sample:N1,Pos:4705	WP_033061228.1	50.000	34	17	0	1	102	42	75	5.07e-04	32.0
Sample:N1,Pos:4705	WP_045884812.1	30.000	70	38	1	1	177	32	101	5.24e-04	32.0
Sample:N1,Pos:4705	WP_040108163.1	30.556	72	43	2	1	198	32	102	5.73e-04	32.0
Sample:N1,Pos:4705	WP_003491106.1	33.333	72	35	2	1	183	32	101	6.36e-04	32.0
Sample:N1,Pos:4705	WP_003494915.1	34.545	55	23	2	1	135	43	94	7.23e-04	31.6
Sample:N1,Pos:4705	WP_040109198.1	28.788	66	42	1	4	186	40	105	0.002	30.8
Sample:N1,Pos:4705	WP_046869915.1	29.167	72	44	1	1	195	34	105	0.006	28.9
Sample:N1,Pos:4705	WP_040108260.1	34.328	67	42	2	1	198	33	98	0.006	28.9
Sample:N1,Pos:4705	WP_040108001.1	45.000	40	20	2	1	117	34	72	0.008	28.9
Sample:N1,Pos:4705	WP_040109101.1	29.091	55	39	0	1	165	33	87	0.011	28.5
Sample:N1,Pos:4705	WP_003493351.1	35.294	34	22	0	1	102	34	67	0.012	28.1
Sample:N1,Pos:4705	WP_134789435.1	28.571	63	40	1	4	177	37	99	0.015	28.1
Sample:N1,Pos:4705	WP_003492950.1	31.818	44	14	1	1	132	34	61	0.018	27.7
Sample:N1,Pos:4705	WP_046869919.1	41.071	56	22	3	1	135	34	89	0.018	27.7
Sample:N1,Pos:4705	WP_046869919.1	40.741	27	16	0	1	81	294	320	1.00	23.1
Sample:N1,Pos:4705	WP_040108247.1	46.154	26	14	0	4	81	36	61	0.020	27.7
Sample:N1,Pos:4705	WP_003493359.1	31.373	51	29	1	1	135	33	83	0.051	26.6
Sample:N1,Pos:4705	WP_003492465.1	33.333	63	36	2	1	171	33	95	0.100	25.8
Sample:N1,Pos:4705	WP_040108298.1	39.286	28	16	1	1	81	33	60	0.10	25.8
Sample:N1,Pos:4705	WP_040108298.1	35.294	51	27	2	1	135	282	332	0.14	25.4
Sample:N1,Pos:4705	WP_003495255.1	35.294	34	22	0	16	117	83	116	0.17	25.0
Sample:N1,Pos:4705	WP_033058702.1	27.419	62	40	1	1	171	34	95	0.37	24.3
Sample:N1,Pos:4705	WP_003358207.1	50.000	20	10	0	1	60	8	27	0.44	23.9
Sample:N1,Pos:4705	WP_046870095.1	29.032	62	39	1	1	171	34	95	1.3	22.3
Sample:N1,Pos:4705	WP_003490872.1	25.000	44	30	1	55	186	176	216	2.1	21.9
Sample:N1,Pos:4705	WP_003494692.1	32.353	34	23	0	1	102	33	66	2.7	21.6
Sample:N1,Pos:4705	WP_003490946.1	61.538	13	5	0	1	39	33	45	3.7	21.2
Sample:N1,Pos:4705	WP_040108469.1	39.394	33	17	1	165	67	209	238	4.8	21.2
Sample:N1,Pos:4705	WP_040109418.1	43.750	16	9	0	1	48	8	23	6.0	20.8
Sample:N1,Pos:4705	WP_046869916.1	40.741	27	13	1	19	90	252	278	6.4	20.8
Sample:N1,Pos:4705	WP_046869879.1	61.538	13	5	0	1	39	42	54	7.9	20.0
Sample:N1,Pos:4705	WP_003496715.1	61.538	13	5	0	1	39	9	21	9.3	20.0
Sample:N1,Pos:4705	WP_003496360.1	50.000	14	7	0	1	42	142	155	9.4	20.0
Sample:N1,Pos:4705	WP_003494971.1	54.545	11	5	0	120	152	360	370	9.6	20.0
# BLAST processed 1 queries
