# BLASTX 2.4.0+
# Query: Sample:N1,Pos:4622 <unknown description>
# Database: User specified sequence set (Input: clostridium_sporogenes_protein.faa)
# Fields: query id, subject id, % identity, alignment length, mismatches, gap opens, q. start, q. end, s. start, s. end, evalue, bit score
# 60 hits found
Sample:N1,Pos:4622	WP_033061250.1	46.667	45	24	0	48	182	32	76	3.68e-10	49.3
Sample:N1,Pos:4622	WP_003490956.1	52.174	46	20	1	45	182	26	69	7.63e-08	42.7
Sample:N1,Pos:4622	WP_003490537.1	38.889	54	32	1	36	197	21	73	1.27e-07	42.0
Sample:N1,Pos:4622	WP_003494611.1	45.455	44	24	0	33	164	21	64	1.47e-07	42.0
Sample:N1,Pos:4622	WP_040108466.1	36.842	57	35	1	15	185	17	72	3.54e-07	40.8
Sample:N1,Pos:4622	WP_040109210.1	50.000	40	20	0	45	164	25	64	3.92e-07	40.8
Sample:N1,Pos:4622	WP_004461542.1	47.619	42	21	1	45	167	21	62	4.63e-07	40.4
Sample:N1,Pos:4622	WP_052691695.1	40.426	47	28	0	45	185	358	404	1.69e-06	38.9
Sample:N1,Pos:4622	WP_003493156.1	41.026	39	23	0	42	158	24	62	4.34e-06	37.7
Sample:N1,Pos:4622	WP_033059225.1	41.463	41	24	0	42	164	26	66	5.66e-06	37.4
Sample:N1,Pos:4622	WP_003490356.1	38.776	49	30	0	42	188	24	72	6.87e-06	37.4
Sample:N1,Pos:4622	WP_003491790.1	38.000	50	30	1	12	161	13	61	7.47e-06	37.4
Sample:N1,Pos:4622	WP_003492493.1	40.351	57	32	1	30	200	18	72	8.00e-06	37.0
Sample:N1,Pos:4622	WP_077272573.1	36.364	55	33	1	36	200	16	68	1.46e-05	36.2
Sample:N1,Pos:4622	WP_003491121.1	42.222	45	25	1	27	161	19	62	1.59e-05	36.2
Sample:N1,Pos:4622	WP_003493442.1	39.024	41	25	0	42	164	26	66	1.69e-05	36.2
Sample:N1,Pos:4622	WP_040108163.1	42.308	52	26	2	15	164	9	58	2.12e-05	35.8
Sample:N1,Pos:4622	WP_003490952.1	43.750	48	23	1	15	158	12	55	2.20e-05	35.8
Sample:N1,Pos:4622	WP_040109546.1	41.463	41	24	0	42	164	23	63	3.67e-05	35.4
Sample:N1,Pos:4622	WP_003492070.1	59.259	27	11	0	84	164	39	65	4.03e-05	35.0
Sample:N1,Pos:4622	WP_046869915.1	38.095	42	26	0	45	170	21	62	4.50e-05	35.0
Sample:N1,Pos:4622	WP_033061228.1	37.288	59	36	1	9	185	18	75	5.85e-05	34.7
Sample:N1,Pos:4622	WP_003492950.1	35.417	48	31	0	42	185	20	67	6.35e-05	34.7
Sample:N1,Pos:4622	WP_003493351.1	34.783	46	30	0	48	185	22	67	6.45e-05	34.7
Sample:N1,Pos:4622	WP_033058457.1	38.298	47	29	0	48	188	26	72	8.72e-05	34.3
Sample:N1,Pos:4622	WP_040108298.1	33.333	48	27	2	24	164	17	60	1.47e-04	33.5
Sample:N1,Pos:4622	WP_040108298.1	35.000	40	26	0	45	164	269	308	0.026	27.3
Sample:N1,Pos:4622	WP_046869919.1	43.590	39	21	1	45	158	21	59	1.47e-04	33.5
Sample:N1,Pos:4622	WP_046869919.1	40.741	27	16	0	84	164	294	320	0.81	23.1
Sample:N1,Pos:4622	WP_003496522.1	54.286	35	15	1	3	107	47	80	2.34e-04	32.0
Sample:N1,Pos:4622	WP_003494915.1	39.024	41	25	0	42	164	29	69	4.69e-04	32.3
Sample:N1,Pos:4622	WP_045884812.1	32.653	49	31	1	27	167	11	59	7.35e-04	31.6
Sample:N1,Pos:4622	WP_003493359.1	35.000	40	26	0	45	164	20	59	0.001	31.2
Sample:N1,Pos:4622	WP_040108001.1	37.037	54	32	2	42	200	20	72	0.001	31.2
Sample:N1,Pos:4622	WP_134789435.1	35.849	53	33	1	27	185	18	69	0.001	30.8
Sample:N1,Pos:4622	WP_046869879.1	39.474	38	18	1	9	122	22	54	0.002	30.0
Sample:N1,Pos:4622	WP_033058995.1	33.333	42	28	0	45	170	19	60	0.002	30.4
Sample:N1,Pos:4622	WP_040108247.1	28.846	52	37	0	9	164	10	61	0.002	30.0
Sample:N1,Pos:4622	WP_003496432.1	36.585	41	26	0	42	164	19	59	0.002	30.0
Sample:N1,Pos:4622	WP_003495255.1	34.615	52	32	1	45	200	67	116	0.009	28.5
Sample:N1,Pos:4622	WP_003483065.1	35.000	40	26	0	45	164	20	59	0.009	28.5
Sample:N1,Pos:4622	WP_003492465.1	36.585	41	26	0	3	125	6	46	0.011	28.5
Sample:N1,Pos:4622	WP_003494485.1	38.596	57	31	3	42	200	18	74	0.011	28.5
Sample:N1,Pos:4622	WP_040109101.1	31.579	38	26	0	84	197	33	70	0.036	26.9
Sample:N1,Pos:4622	WP_033059479.1	29.310	58	37	3	24	188	19	75	0.051	26.6
Sample:N1,Pos:4622	WP_046869768.1	38.889	36	20	1	87	194	1	34	0.074	25.8
Sample:N1,Pos:4622	WP_003493221.1	42.500	40	17	3	18	122	136	174	0.10	25.4
Sample:N1,Pos:4622	WP_003491106.1	34.000	50	31	1	45	194	19	66	0.12	25.4
Sample:N1,Pos:4622	WP_003494692.1	34.483	29	19	0	45	131	20	48	0.20	24.6
Sample:N1,Pos:4622	WP_040108260.1	29.730	37	26	0	54	164	23	59	0.24	24.6
Sample:N1,Pos:4622	WP_003496360.1	27.778	36	24	1	24	125	120	155	0.32	24.3
Sample:N1,Pos:4622	WP_040109198.1	33.333	33	22	0	87	185	40	72	0.35	24.3
Sample:N1,Pos:4622	WP_003358207.1	45.833	24	13	0	72	143	4	27	0.42	23.9
Sample:N1,Pos:4622	WP_080941281.1	33.333	72	34	3	12	194	826	894	0.92	23.1
Sample:N1,Pos:4622	WP_003490946.1	50.000	16	8	0	75	122	30	45	1.1	22.7
Sample:N1,Pos:4622	WP_040108543.1	41.379	29	16	1	3	89	53	80	1.7	22.3
Sample:N1,Pos:4622	WP_003493348.1	28.000	50	28	3	154	11	330	373	2.5	21.9
Sample:N1,Pos:4622	WP_040109418.1	37.500	24	14	1	60	131	1	23	5.1	20.8
Sample:N1,Pos:4622	WP_046869916.1	33.333	33	20	1	75	173	248	278	5.1	20.8
Sample:N1,Pos:4622	WP_003491308.1	53.846	13	6	0	81	119	216	228	6.5	20.8
# BLAST processed 1 queries
