# BLASTX 2.4.0+
# Query: Sample:P3,Pos:40137 <unknown description>
# Database: User specified sequence set (Input: lactobacillus_johnsonii_protein.faa)
# Fields: query id, subject id, % identity, alignment length, mismatches, gap opens, q. start, q. end, s. start, s. end, evalue, bit score
# 50 hits found
Sample:P3,Pos:40137	WP_113886670.1	97.222	36	1	0	2	109	1412	1447	1.62e-17	65.5
Sample:P3,Pos:40137	WP_113886670.1	100.000	16	0	0	114	161	1450	1465	1.62e-17	34.3
Sample:P3,Pos:40137	WP_113886670.1	97.222	36	1	0	2	109	1382	1417	1.86e-17	65.1
Sample:P3,Pos:40137	WP_113886670.1	100.000	16	0	0	114	161	1420	1435	1.86e-17	34.3
Sample:P3,Pos:40137	WP_113886670.1	94.444	36	2	0	2	109	1340	1375	5.17e-17	63.5
Sample:P3,Pos:40137	WP_113886670.1	100.000	16	0	0	114	161	1390	1405	5.17e-17	34.3
Sample:P3,Pos:40137	WP_113886670.1	91.667	36	3	0	2	109	1346	1381	1.35e-16	62.4
Sample:P3,Pos:40137	WP_113886670.1	91.667	36	3	0	2	109	1388	1423	1.35e-16	62.4
Sample:P3,Pos:40137	WP_113886670.1	100.000	16	0	0	114	161	1408	1423	1.35e-16	34.3
Sample:P3,Pos:40137	WP_113886670.1	100.000	16	0	0	114	161	1438	1453	1.35e-16	34.3
Sample:P3,Pos:40137	WP_113886670.1	91.667	36	3	0	2	109	1328	1363	1.96e-16	61.6
Sample:P3,Pos:40137	WP_113886670.1	100.000	16	0	0	114	161	1366	1381	1.96e-16	34.3
Sample:P3,Pos:40137	WP_113886670.1	91.667	36	3	0	2	109	1394	1429	3.33e-16	62.4
Sample:P3,Pos:40137	WP_113886670.1	93.750	16	1	0	114	161	1426	1441	3.33e-16	33.1
Sample:P3,Pos:40137	WP_113886670.1	91.667	36	3	0	2	109	1352	1387	3.83e-16	62.0
Sample:P3,Pos:40137	WP_113886670.1	93.750	16	1	0	114	161	1396	1411	3.83e-16	33.1
Sample:P3,Pos:40137	WP_113886670.1	91.667	36	3	0	2	109	1358	1393	1.04e-15	62.0
Sample:P3,Pos:40137	WP_113886670.1	87.500	16	2	0	114	161	1402	1417	1.04e-15	31.6
Sample:P3,Pos:40137	WP_113886670.1	88.889	36	4	0	2	109	1400	1435	2.36e-15	60.8
Sample:P3,Pos:40137	WP_113886670.1	88.889	36	4	0	2	109	1406	1441	2.36e-15	60.8
Sample:P3,Pos:40137	WP_113886670.1	87.500	16	2	0	114	161	1432	1447	2.36e-15	31.6
Sample:P3,Pos:40137	WP_113886670.1	87.500	16	2	0	114	161	1444	1459	2.36e-15	31.6
Sample:P3,Pos:40137	WP_113886670.1	88.889	36	4	0	2	109	1376	1411	2.71e-15	60.8
Sample:P3,Pos:40137	WP_113886670.1	87.500	16	2	0	114	161	1414	1429	2.71e-15	31.6
Sample:P3,Pos:40137	WP_113886670.1	91.667	36	3	0	2	109	1424	1459	1.13e-14	62.4
Sample:P3,Pos:40137	WP_113886670.1	86.111	36	5	0	2	109	1334	1369	1.53e-14	59.3
Sample:P3,Pos:40137	WP_113886670.1	87.500	16	2	0	114	161	1378	1393	1.53e-14	30.4
Sample:P3,Pos:40137	WP_113886670.1	87.879	33	4	0	11	109	1325	1357	1.98e-14	55.1
Sample:P3,Pos:40137	WP_113886670.1	100.000	16	0	0	114	161	1354	1369	1.98e-14	34.3
Sample:P3,Pos:40137	WP_113886670.1	88.889	36	4	0	2	109	1418	1453	3.21e-14	60.8
Sample:P3,Pos:40137	WP_113886670.1	85.714	14	2	0	114	155	1456	1469	3.21e-14	27.7
Sample:P3,Pos:40137	WP_113886670.1	88.889	36	4	0	2	109	1430	1465	3.53e-14	60.8
Sample:P3,Pos:40137	WP_113886670.1	86.111	36	5	0	2	109	1364	1399	1.67e-13	58.9
Sample:P3,Pos:40137	WP_113886670.1	86.111	36	5	0	2	109	1370	1405	1.67e-13	58.9
Sample:P3,Pos:40137	WP_113886670.1	91.176	34	3	0	2	103	1436	1469	1.76e-13	58.9
Sample:P3,Pos:40137	WP_113886670.1	77.419	31	7	0	17	109	1321	1351	3.37e-11	45.4
Sample:P3,Pos:40137	WP_113886670.1	93.750	16	1	0	114	161	1348	1363	3.37e-11	33.1
Sample:P3,Pos:40137	WP_113886670.1	100.000	16	0	0	114	161	1336	1351	8.46e-05	34.3
Sample:P3,Pos:40137	WP_113886670.1	87.500	16	2	0	114	161	1330	1345	8.52e-04	31.6
Sample:P3,Pos:40137	WP_113886670.1	87.500	16	2	0	114	161	1342	1357	8.52e-04	31.6
Sample:P3,Pos:40137	WP_113886670.1	87.500	16	2	0	114	161	1360	1375	8.52e-04	31.6
Sample:P3,Pos:40137	WP_113886670.1	87.500	16	2	0	114	161	1384	1399	0.002	30.4
Sample:P3,Pos:40137	WP_113886670.1	86.667	15	2	0	117	161	1325	1339	0.004	29.6
Sample:P3,Pos:40137	WP_113886670.1	81.250	16	3	0	114	161	1372	1387	0.006	29.3
Sample:P3,Pos:40137	WP_086874545.1	92.308	13	1	0	162	200	18	30	0.001	30.8
Sample:P3,Pos:40137	WP_113886625.1	36.842	38	20	1	53	166	518	551	0.80	23.1
Sample:P3,Pos:40137	WP_011161934.1	29.630	27	19	0	106	26	204	230	3.4	21.6
Sample:P3,Pos:40137	WP_086874599.1	100.000	7	0	0	140	120	332	338	4.6	21.2
Sample:P3,Pos:40137	WP_113886592.1	80.000	10	2	0	109	80	91	100	9.1	20.4
Sample:P3,Pos:40137	WP_003647012.1	63.636	11	4	0	94	62	7	17	9.8	20.0
# BLAST processed 1 queries
