# BLASTX 2.4.0+
# Query: Sample:P3,Pos:40170 <unknown description>
# Database: User specified sequence set (Input: lactobacillus_johnsonii_protein.faa)
# Fields: query id, subject id, % identity, alignment length, mismatches, gap opens, q. start, q. end, s. start, s. end, evalue, bit score
# 52 hits found
Sample:P3,Pos:40170	WP_113886670.1	100.000	25	0	0	2	76	1393	1417	1.01e-12	48.5
Sample:P3,Pos:40170	WP_113886670.1	100.000	25	0	0	2	76	1423	1447	1.01e-12	48.5
Sample:P3,Pos:40170	WP_113886670.1	100.000	16	0	0	81	128	1420	1435	1.01e-12	35.0
Sample:P3,Pos:40170	WP_113886670.1	100.000	16	0	0	81	128	1450	1465	1.01e-12	35.0
Sample:P3,Pos:40170	WP_113886670.1	96.000	25	1	0	2	76	1339	1363	2.72e-12	47.0
Sample:P3,Pos:40170	WP_113886670.1	96.000	25	1	0	2	76	1351	1375	2.72e-12	47.0
Sample:P3,Pos:40170	WP_113886670.1	100.000	16	0	0	81	128	1366	1381	2.72e-12	35.0
Sample:P3,Pos:40170	WP_113886670.1	100.000	16	0	0	81	128	1390	1405	2.72e-12	35.0
Sample:P3,Pos:40170	WP_113886670.1	92.000	25	2	0	2	76	1333	1357	7.58e-12	45.4
Sample:P3,Pos:40170	WP_113886670.1	92.000	25	2	0	2	76	1357	1381	7.58e-12	45.4
Sample:P3,Pos:40170	WP_113886670.1	92.000	25	2	0	2	76	1387	1411	7.58e-12	45.4
Sample:P3,Pos:40170	WP_113886670.1	100.000	16	0	0	81	128	1354	1369	7.58e-12	35.0
Sample:P3,Pos:40170	WP_113886670.1	100.000	16	0	0	81	128	1408	1423	7.58e-12	35.0
Sample:P3,Pos:40170	WP_113886670.1	100.000	16	0	0	81	128	1438	1453	7.58e-12	35.0
Sample:P3,Pos:40170	WP_113886670.1	92.000	25	2	0	2	76	1405	1429	2.06e-11	45.4
Sample:P3,Pos:40170	WP_113886670.1	93.750	16	1	0	81	128	1426	1441	2.06e-11	33.5
Sample:P3,Pos:40170	WP_113886670.1	92.000	25	2	0	2	76	1369	1393	2.52e-11	45.4
Sample:P3,Pos:40170	WP_113886670.1	93.750	16	1	0	81	128	1396	1411	2.52e-11	33.5
Sample:P3,Pos:40170	WP_113886670.1	92.000	25	2	0	2	76	1411	1435	5.01e-11	45.4
Sample:P3,Pos:40170	WP_113886670.1	87.500	16	2	0	81	128	1432	1447	5.01e-11	32.0
Sample:P3,Pos:40170	WP_113886670.1	88.000	25	3	0	2	76	1327	1351	6.82e-11	43.5
Sample:P3,Pos:40170	WP_113886670.1	93.750	16	1	0	81	128	1348	1363	6.82e-11	33.5
Sample:P3,Pos:40170	WP_113886670.1	88.000	25	3	0	2	76	1399	1423	1.39e-10	44.3
Sample:P3,Pos:40170	WP_113886670.1	87.500	16	2	0	81	128	1444	1459	1.39e-10	32.0
Sample:P3,Pos:40170	WP_113886670.1	88.000	25	3	0	2	76	1363	1387	1.70e-10	43.9
Sample:P3,Pos:40170	WP_113886670.1	87.500	16	2	0	81	128	1402	1417	1.70e-10	32.0
Sample:P3,Pos:40170	WP_113886670.1	84.000	25	4	0	2	76	1375	1399	4.57e-10	42.4
Sample:P3,Pos:40170	WP_113886670.1	87.500	16	2	0	81	128	1414	1429	4.57e-10	32.0
Sample:P3,Pos:40170	WP_113886670.1	92.000	25	2	0	2	76	1435	1459	7.48e-10	45.4
Sample:P3,Pos:40170	WP_113886670.1	85.714	14	2	0	81	122	1456	1469	7.48e-10	28.1
Sample:P3,Pos:40170	WP_113886670.1	84.000	25	4	0	2	76	1345	1369	8.31e-10	42.7
Sample:P3,Pos:40170	WP_113886670.1	87.500	16	2	0	81	128	1378	1393	8.31e-10	30.8
Sample:P3,Pos:40170	WP_113886670.1	80.000	25	5	0	2	76	1321	1345	5.91e-09	38.5
Sample:P3,Pos:40170	WP_113886670.1	87.500	16	2	0	81	128	1342	1357	5.91e-09	32.0
Sample:P3,Pos:40170	WP_113886670.1	92.000	25	2	0	2	76	1441	1465	8.86e-09	45.4
Sample:P3,Pos:40170	WP_113886670.1	88.000	25	3	0	2	76	1417	1441	3.05e-08	44.3
Sample:P3,Pos:40170	WP_113886670.1	88.000	25	3	0	2	76	1429	1453	3.05e-08	44.3
Sample:P3,Pos:40170	WP_113886670.1	84.000	25	4	0	2	76	1381	1405	1.29e-07	42.4
Sample:P3,Pos:40170	WP_113886670.1	91.304	23	2	0	2	70	1447	1469	1.47e-07	42.4
Sample:P3,Pos:40170	WP_113886670.1	100.000	16	0	0	81	128	1336	1351	5.48e-05	35.0
Sample:P3,Pos:40170	WP_113886670.1	87.500	16	2	0	81	128	1330	1345	5.46e-04	32.0
Sample:P3,Pos:40170	WP_113886670.1	87.500	16	2	0	81	128	1360	1375	5.46e-04	32.0
Sample:P3,Pos:40170	WP_113886670.1	87.500	16	2	0	81	128	1384	1399	0.001	30.8
Sample:P3,Pos:40170	WP_113886670.1	86.667	15	2	0	84	128	1325	1339	0.003	30.0
Sample:P3,Pos:40170	WP_113886670.1	81.250	16	3	0	81	128	1372	1387	0.005	29.6
Sample:P3,Pos:40170	WP_086874545.1	95.833	24	1	0	129	200	18	41	2.19e-11	52.8
Sample:P3,Pos:40170	WP_113886625.1	36.842	38	20	1	20	133	518	551	2.7	21.9
Sample:P3,Pos:40170	WP_011161820.1	26.316	19	14	0	126	182	312	330	4.7	21.2
Sample:P3,Pos:40170	WP_086874599.1	100.000	7	0	0	107	87	332	338	6.7	20.8
Sample:P3,Pos:40170	WP_003647012.1	63.636	11	4	0	61	29	7	17	8.7	20.4
Sample:P3,Pos:40170	WP_113886592.1	80.000	10	2	0	76	47	91	100	9.1	20.4
Sample:P3,Pos:40170	WP_086875124.1	38.889	18	11	0	138	191	138	155	9.3	20.4
# BLAST processed 1 queries
