# BLASTX 2.4.0+
# Query: Sample:P3,Pos:40197 <unknown description>
# Database: User specified sequence set (Input: lactobacillus_johnsonii_protein.faa)
# Fields: query id, subject id, % identity, alignment length, mismatches, gap opens, q. start, q. end, s. start, s. end, evalue, bit score
# 52 hits found
Sample:P3,Pos:40197	WP_086874545.1	96.970	33	1	0	102	200	18	50	1.41e-18	72.8
Sample:P3,Pos:40197	WP_113886670.1	100.000	17	0	0	51	101	1353	1369	7.06e-09	37.0
Sample:P3,Pos:40197	WP_113886670.1	100.000	17	0	0	51	101	1365	1381	7.06e-09	37.0
Sample:P3,Pos:40197	WP_113886670.1	100.000	17	0	0	51	101	1389	1405	7.06e-09	37.0
Sample:P3,Pos:40197	WP_113886670.1	100.000	17	0	0	51	101	1419	1435	7.06e-09	37.0
Sample:P3,Pos:40197	WP_113886670.1	100.000	17	0	0	51	101	1437	1453	7.06e-09	37.0
Sample:P3,Pos:40197	WP_113886670.1	100.000	17	0	0	51	101	1449	1465	7.06e-09	37.0
Sample:P3,Pos:40197	WP_113886670.1	100.000	16	0	0	2	49	1330	1345	7.06e-09	33.1
Sample:P3,Pos:40197	WP_113886670.1	100.000	16	0	0	2	49	1342	1357	7.06e-09	33.1
Sample:P3,Pos:40197	WP_113886670.1	100.000	16	0	0	2	49	1360	1375	7.06e-09	33.1
Sample:P3,Pos:40197	WP_113886670.1	100.000	16	0	0	2	49	1402	1417	7.06e-09	33.1
Sample:P3,Pos:40197	WP_113886670.1	100.000	16	0	0	2	49	1414	1429	7.06e-09	33.1
Sample:P3,Pos:40197	WP_113886670.1	100.000	16	0	0	2	49	1432	1447	7.06e-09	33.1
Sample:P3,Pos:40197	WP_113886670.1	100.000	17	0	0	51	101	1407	1423	1.87e-08	37.0
Sample:P3,Pos:40197	WP_113886670.1	93.750	16	1	0	2	49	1396	1411	1.87e-08	32.0
Sample:P3,Pos:40197	WP_113886670.1	94.118	17	1	0	51	101	1395	1411	4.72e-08	35.8
Sample:P3,Pos:40197	WP_113886670.1	93.750	16	1	0	2	49	1348	1363	4.72e-08	32.0
Sample:P3,Pos:40197	WP_113886670.1	94.118	17	1	0	51	101	1425	1441	7.59e-08	35.8
Sample:P3,Pos:40197	WP_113886670.1	93.750	16	1	0	2	49	1372	1387	7.59e-08	31.2
Sample:P3,Pos:40197	WP_113886670.1	94.118	17	1	0	51	101	1347	1363	1.17e-07	35.8
Sample:P3,Pos:40197	WP_113886670.1	87.500	16	2	0	2	49	1336	1351	1.17e-07	30.4
Sample:P3,Pos:40197	WP_113886670.1	88.235	17	2	0	51	101	1443	1459	1.21e-07	34.3
Sample:P3,Pos:40197	WP_113886670.1	93.750	16	1	0	2	49	1426	1441	1.21e-07	32.0
Sample:P3,Pos:40197	WP_113886670.1	88.235	17	2	0	51	101	1401	1417	3.07e-07	34.3
Sample:P3,Pos:40197	WP_113886670.1	88.235	17	2	0	51	101	1413	1429	3.07e-07	34.3
Sample:P3,Pos:40197	WP_113886670.1	88.235	17	2	0	51	101	1431	1447	3.07e-07	34.3
Sample:P3,Pos:40197	WP_113886670.1	87.500	16	2	0	2	49	1354	1369	3.07e-07	30.4
Sample:P3,Pos:40197	WP_113886670.1	87.500	16	2	0	2	49	1366	1381	3.07e-07	30.4
Sample:P3,Pos:40197	WP_113886670.1	87.500	16	2	0	2	49	1390	1405	3.07e-07	30.4
Sample:P3,Pos:40197	WP_113886670.1	100.000	16	0	0	2	49	1444	1459	4.58e-07	33.1
Sample:P3,Pos:40197	WP_113886670.1	38.000	50	29	2	51	194	1455	1504	4.58e-07	30.8
Sample:P3,Pos:40197	WP_113886670.1	100.000	17	0	0	51	101	1335	1351	5.29e-07	37.0
Sample:P3,Pos:40197	WP_113886670.1	80.000	15	3	0	5	49	1325	1339	5.29e-07	26.9
Sample:P3,Pos:40197	WP_113886670.1	88.235	17	2	0	51	101	1329	1345	9.24e-05	34.3
Sample:P3,Pos:40197	WP_113886670.1	88.235	17	2	0	51	101	1341	1357	9.24e-05	34.3
Sample:P3,Pos:40197	WP_113886670.1	88.235	17	2	0	51	101	1359	1375	9.24e-05	34.3
Sample:P3,Pos:40197	WP_113886670.1	88.235	17	2	0	51	101	1377	1393	2.16e-04	33.1
Sample:P3,Pos:40197	WP_113886670.1	88.235	17	2	0	51	101	1383	1399	2.16e-04	33.1
Sample:P3,Pos:40197	WP_113886670.1	82.353	17	3	0	51	101	1371	1387	7.06e-04	32.0
Sample:P3,Pos:40197	WP_113886670.1	87.500	16	2	0	2	49	1408	1423	0.002	30.4
Sample:P3,Pos:40197	WP_113886670.1	87.500	16	2	0	2	49	1420	1435	0.002	30.4
Sample:P3,Pos:40197	WP_113886670.1	87.500	16	2	0	2	49	1438	1453	0.002	30.4
Sample:P3,Pos:40197	WP_113886670.1	87.500	16	2	0	2	49	1450	1465	0.002	30.4
Sample:P3,Pos:40197	WP_113886670.1	62.500	24	7	1	30	101	1318	1339	0.003	30.0
Sample:P3,Pos:40197	WP_113886670.1	87.500	16	2	0	2	49	1378	1393	0.004	29.6
Sample:P3,Pos:40197	WP_113886670.1	87.500	16	2	0	2	49	1384	1399	0.004	29.6
Sample:P3,Pos:40197	WP_113886670.1	100.000	14	0	0	2	43	1456	1469	0.004	29.6
Sample:P3,Pos:40197	WP_014567312.1	72.727	11	3	0	179	147	149	159	0.96	23.1
Sample:P3,Pos:40197	WP_004895097.1	31.429	35	23	1	81	182	57	91	1.1	22.7
Sample:P3,Pos:40197	WP_086874714.1	20.408	49	38	1	200	57	277	325	5.8	20.8
Sample:P3,Pos:40197	WP_003647012.1	63.636	11	4	0	34	2	7	17	6.4	20.8
Sample:P3,Pos:40197	WP_113886592.1	80.000	10	2	0	49	20	91	100	8.5	20.4
# BLAST processed 1 queries
