# BLASTX 2.4.0+
# Query: Sample:P3,Pos:40182 <unknown description>
# Database: User specified sequence set (Input: lactobacillus_johnsonii_protein.faa)
# Fields: query id, subject id, % identity, alignment length, mismatches, gap opens, q. start, q. end, s. start, s. end, evalue, bit score
# 54 hits found
Sample:P3,Pos:40182	WP_086874545.1	96.429	28	1	0	117	200	18	45	5.51e-15	62.8
Sample:P3,Pos:40182	WP_113886670.1	100.000	21	0	0	2	64	1397	1417	1.28e-10	41.6
Sample:P3,Pos:40182	WP_113886670.1	100.000	21	0	0	2	64	1427	1447	1.28e-10	41.6
Sample:P3,Pos:40182	WP_113886670.1	100.000	16	0	0	69	116	1420	1435	1.28e-10	34.7
Sample:P3,Pos:40182	WP_113886670.1	100.000	16	0	0	69	116	1450	1465	1.28e-10	34.7
Sample:P3,Pos:40182	WP_113886670.1	95.238	21	1	0	2	64	1337	1357	3.13e-10	40.4
Sample:P3,Pos:40182	WP_113886670.1	95.238	21	1	0	2	64	1343	1363	3.13e-10	40.4
Sample:P3,Pos:40182	WP_113886670.1	95.238	21	1	0	2	64	1355	1375	3.13e-10	40.4
Sample:P3,Pos:40182	WP_113886670.1	95.238	21	1	0	2	64	1409	1429	3.13e-10	40.4
Sample:P3,Pos:40182	WP_113886670.1	100.000	16	0	0	69	116	1354	1369	3.13e-10	34.7
Sample:P3,Pos:40182	WP_113886670.1	100.000	16	0	0	69	116	1366	1381	3.13e-10	34.7
Sample:P3,Pos:40182	WP_113886670.1	100.000	16	0	0	69	116	1390	1405	3.13e-10	34.7
Sample:P3,Pos:40182	WP_113886670.1	100.000	16	0	0	69	116	1438	1453	3.13e-10	34.7
Sample:P3,Pos:40182	WP_113886670.1	90.476	21	2	0	2	64	1361	1381	9.31e-10	38.9
Sample:P3,Pos:40182	WP_113886670.1	100.000	16	0	0	69	116	1408	1423	9.31e-10	34.7
Sample:P3,Pos:40182	WP_113886670.1	90.476	21	2	0	2	64	1331	1351	2.26e-09	38.9
Sample:P3,Pos:40182	WP_113886670.1	93.750	16	1	0	69	116	1348	1363	2.26e-09	33.5
Sample:P3,Pos:40182	WP_113886670.1	90.476	21	2	0	2	64	1391	1411	2.49e-09	38.9
Sample:P3,Pos:40182	WP_113886670.1	93.750	16	1	0	69	116	1426	1441	2.49e-09	33.1
Sample:P3,Pos:40182	WP_113886670.1	90.476	21	2	0	2	64	1367	1387	2.91e-09	38.5
Sample:P3,Pos:40182	WP_113886670.1	93.750	16	1	0	69	116	1396	1411	2.91e-09	33.1
Sample:P3,Pos:40182	WP_113886670.1	90.476	21	2	0	2	64	1403	1423	6.06e-09	38.9
Sample:P3,Pos:40182	WP_113886670.1	90.476	21	2	0	2	64	1415	1435	6.06e-09	38.9
Sample:P3,Pos:40182	WP_113886670.1	87.500	16	2	0	69	116	1432	1447	6.06e-09	32.0
Sample:P3,Pos:40182	WP_113886670.1	87.500	16	2	0	69	116	1444	1459	6.06e-09	32.0
Sample:P3,Pos:40182	WP_113886670.1	90.476	21	2	0	2	64	1373	1393	7.06e-09	38.5
Sample:P3,Pos:40182	WP_113886670.1	87.500	16	2	0	69	116	1402	1417	7.06e-09	32.0
Sample:P3,Pos:40182	WP_113886670.1	90.476	21	2	0	2	64	1325	1345	9.21e-09	38.1
Sample:P3,Pos:40182	WP_113886670.1	87.500	16	2	0	69	116	1342	1357	9.21e-09	32.0
Sample:P3,Pos:40182	WP_113886670.1	85.714	21	3	0	2	64	1379	1399	1.71e-08	37.4
Sample:P3,Pos:40182	WP_113886670.1	87.500	16	2	0	69	116	1414	1429	1.71e-08	32.0
Sample:P3,Pos:40182	WP_113886670.1	95.238	21	1	0	2	64	1439	1459	2.94e-08	40.4
Sample:P3,Pos:40182	WP_113886670.1	85.714	14	2	0	69	110	1456	1469	2.94e-08	28.1
Sample:P3,Pos:40182	WP_113886670.1	85.714	21	3	0	2	64	1349	1369	3.06e-08	37.4
Sample:P3,Pos:40182	WP_113886670.1	87.500	16	2	0	69	116	1378	1393	3.06e-08	30.8
Sample:P3,Pos:40182	WP_113886670.1	90.476	21	2	0	2	64	1421	1441	2.49e-06	38.9
Sample:P3,Pos:40182	WP_113886670.1	90.476	21	2	0	2	64	1433	1453	2.49e-06	38.9
Sample:P3,Pos:40182	WP_113886670.1	90.476	21	2	0	2	64	1445	1465	2.49e-06	38.9
Sample:P3,Pos:40182	WP_113886670.1	100.000	16	0	0	69	116	1336	1351	3.72e-06	34.7
Sample:P3,Pos:40182	WP_113886670.1	68.421	19	6	0	8	64	1321	1339	3.72e-06	26.2
Sample:P3,Pos:40182	WP_113886670.1	94.737	19	1	0	2	58	1451	1469	1.14e-05	37.0
Sample:P3,Pos:40182	WP_113886670.1	80.952	21	4	0	2	64	1385	1405	3.35e-05	35.4
Sample:P3,Pos:40182	WP_113886670.1	87.500	16	2	0	69	116	1330	1345	6.59e-04	32.0
Sample:P3,Pos:40182	WP_113886670.1	87.500	16	2	0	69	116	1360	1375	6.59e-04	32.0
Sample:P3,Pos:40182	WP_113886670.1	87.500	16	2	0	69	116	1384	1399	0.002	30.8
Sample:P3,Pos:40182	WP_113886670.1	86.667	15	2	0	72	116	1325	1339	0.004	29.6
Sample:P3,Pos:40182	WP_113886670.1	81.250	16	3	0	69	116	1372	1387	0.005	29.3
Sample:P3,Pos:40182	WP_014567312.1	72.727	11	3	0	194	162	149	159	0.96	23.1
Sample:P3,Pos:40182	WP_004895097.1	31.429	35	23	1	96	197	57	91	1.8	22.3
Sample:P3,Pos:40182	WP_113886625.1	36.842	38	20	1	8	121	518	551	2.6	21.9
Sample:P3,Pos:40182	WP_011161820.1	26.316	19	14	0	114	170	312	330	5.0	21.2
Sample:P3,Pos:40182	WP_086874599.1	100.000	7	0	0	95	75	332	338	7.6	20.4
Sample:P3,Pos:40182	WP_113886592.1	80.000	10	2	0	64	35	91	100	9.8	20.0
Sample:P3,Pos:40182	WP_003647012.1	63.636	11	4	0	49	17	7	17	10.0	20.0
# BLAST processed 1 queries
