# BLASTX 2.4.0+
# Query: Sample:P3,Pos:40164 <unknown description>
# Database: User specified sequence set (Input: lactobacillus_johnsonii_protein.faa)
# Fields: query id, subject id, % identity, alignment length, mismatches, gap opens, q. start, q. end, s. start, s. end, evalue, bit score
# 52 hits found
Sample:P3,Pos:40164	WP_113886670.1	100.000	27	0	0	2	82	1391	1417	1.27e-13	51.6
Sample:P3,Pos:40164	WP_113886670.1	100.000	27	0	0	2	82	1421	1447	1.27e-13	51.6
Sample:P3,Pos:40164	WP_113886670.1	100.000	16	0	0	87	134	1420	1435	1.27e-13	35.0
Sample:P3,Pos:40164	WP_113886670.1	100.000	16	0	0	87	134	1450	1465	1.27e-13	35.0
Sample:P3,Pos:40164	WP_113886670.1	96.296	27	1	0	2	82	1337	1363	3.46e-13	50.1
Sample:P3,Pos:40164	WP_113886670.1	96.296	27	1	0	2	82	1349	1375	3.46e-13	50.1
Sample:P3,Pos:40164	WP_113886670.1	100.000	16	0	0	87	134	1366	1381	3.46e-13	35.0
Sample:P3,Pos:40164	WP_113886670.1	100.000	16	0	0	87	134	1390	1405	3.46e-13	35.0
Sample:P3,Pos:40164	WP_113886670.1	92.593	27	2	0	2	82	1331	1357	9.71e-13	48.5
Sample:P3,Pos:40164	WP_113886670.1	92.593	27	2	0	2	82	1355	1381	9.71e-13	48.5
Sample:P3,Pos:40164	WP_113886670.1	92.593	27	2	0	2	82	1403	1429	9.71e-13	48.5
Sample:P3,Pos:40164	WP_113886670.1	100.000	16	0	0	87	134	1354	1369	9.71e-13	35.0
Sample:P3,Pos:40164	WP_113886670.1	100.000	16	0	0	87	134	1408	1423	9.71e-13	35.0
Sample:P3,Pos:40164	WP_113886670.1	100.000	16	0	0	87	134	1438	1453	9.71e-13	35.0
Sample:P3,Pos:40164	WP_113886670.1	92.593	27	2	0	2	82	1367	1393	2.86e-12	48.5
Sample:P3,Pos:40164	WP_113886670.1	93.750	16	1	0	87	134	1396	1411	2.86e-12	33.5
Sample:P3,Pos:40164	WP_113886670.1	92.593	27	2	0	2	82	1409	1435	6.39e-12	48.5
Sample:P3,Pos:40164	WP_113886670.1	87.500	16	2	0	87	134	1432	1447	6.39e-12	32.0
Sample:P3,Pos:40164	WP_113886670.1	88.889	27	3	0	2	82	1397	1423	7.04e-12	47.4
Sample:P3,Pos:40164	WP_113886670.1	93.750	16	1	0	87	134	1426	1441	7.04e-12	33.5
Sample:P3,Pos:40164	WP_113886670.1	88.889	27	3	0	2	82	1415	1441	1.79e-11	47.4
Sample:P3,Pos:40164	WP_113886670.1	87.500	16	2	0	87	134	1444	1459	1.79e-11	32.0
Sample:P3,Pos:40164	WP_113886670.1	88.889	27	3	0	2	82	1361	1387	2.04e-11	47.0
Sample:P3,Pos:40164	WP_113886670.1	88.889	27	3	0	2	82	1385	1411	2.04e-11	47.0
Sample:P3,Pos:40164	WP_113886670.1	87.500	16	2	0	87	134	1402	1417	2.04e-11	32.0
Sample:P3,Pos:40164	WP_113886670.1	87.500	16	2	0	87	134	1414	1429	2.04e-11	32.0
Sample:P3,Pos:40164	WP_113886670.1	85.185	27	4	0	2	82	1325	1351	2.69e-11	45.1
Sample:P3,Pos:40164	WP_113886670.1	93.750	16	1	0	87	134	1348	1363	2.69e-11	33.5
Sample:P3,Pos:40164	WP_113886670.1	92.593	27	2	0	2	82	1433	1459	9.36e-11	48.5
Sample:P3,Pos:40164	WP_113886670.1	85.714	14	2	0	87	128	1456	1469	9.36e-11	28.1
Sample:P3,Pos:40164	WP_113886670.1	85.185	27	4	0	2	82	1343	1369	1.10e-10	45.8
Sample:P3,Pos:40164	WP_113886670.1	87.500	16	2	0	87	134	1378	1393	1.10e-10	30.8
Sample:P3,Pos:40164	WP_113886670.1	92.593	27	2	0	2	82	1439	1465	7.20e-10	48.5
Sample:P3,Pos:40164	WP_113886670.1	88.889	27	3	0	2	82	1427	1453	2.50e-09	47.4
Sample:P3,Pos:40164	WP_113886670.1	80.000	25	5	0	8	82	1321	1345	7.41e-09	38.1
Sample:P3,Pos:40164	WP_113886670.1	87.500	16	2	0	87	134	1342	1357	7.41e-09	32.0
Sample:P3,Pos:40164	WP_113886670.1	85.185	27	4	0	2	82	1373	1399	9.77e-09	45.4
Sample:P3,Pos:40164	WP_113886670.1	85.185	27	4	0	2	82	1379	1405	9.77e-09	45.4
Sample:P3,Pos:40164	WP_113886670.1	92.000	25	2	0	2	76	1445	1469	1.17e-08	45.4
Sample:P3,Pos:40164	WP_113886670.1	100.000	16	0	0	87	134	1336	1351	5.65e-05	35.0
Sample:P3,Pos:40164	WP_113886670.1	87.500	16	2	0	87	134	1330	1345	5.57e-04	32.0
Sample:P3,Pos:40164	WP_113886670.1	87.500	16	2	0	87	134	1360	1375	5.57e-04	32.0
Sample:P3,Pos:40164	WP_113886670.1	87.500	16	2	0	87	134	1384	1399	0.002	30.8
Sample:P3,Pos:40164	WP_113886670.1	86.667	15	2	0	90	134	1325	1339	0.003	30.0
Sample:P3,Pos:40164	WP_113886670.1	81.250	16	3	0	87	134	1372	1387	0.005	29.6
Sample:P3,Pos:40164	WP_086874545.1	95.455	22	1	0	135	200	18	39	5.04e-10	48.9
Sample:P3,Pos:40164	WP_113886625.1	36.842	38	20	1	26	139	518	551	2.2	21.9
Sample:P3,Pos:40164	WP_011161820.1	26.316	19	14	0	132	188	312	330	5.5	20.8
Sample:P3,Pos:40164	WP_086874599.1	100.000	7	0	0	113	93	332	338	7.1	20.8
Sample:P3,Pos:40164	WP_086875124.1	38.889	18	11	0	144	197	138	155	7.6	20.4
Sample:P3,Pos:40164	WP_113886592.1	80.000	10	2	0	82	53	91	100	8.5	20.4
Sample:P3,Pos:40164	WP_003647012.1	63.636	11	4	0	67	35	7	17	8.7	20.4
# BLAST processed 1 queries
