# BLASTX 2.4.0+
# Query: Sample:REF,Pos:40085 <unknown description>
# Database: User specified sequence set (Input: lactobacillus_johnsonii_protein.faa)
# Fields: query id, subject id, % identity, alignment length, mismatches, gap opens, q. start, q. end, s. start, s. end, evalue, bit score
# 38 hits found
Sample:REF,Pos:40085	WP_113886670.1	100.000	53	0	0	3	161	1365	1417	2.83e-26	95.1
Sample:REF,Pos:40085	WP_113886670.1	94.340	53	3	0	3	161	1395	1447	1.62e-23	87.4
Sample:REF,Pos:40085	WP_113886670.1	92.453	53	4	0	3	161	1407	1459	6.70e-23	85.9
Sample:REF,Pos:40085	WP_113886670.1	92.453	53	4	0	3	161	1335	1387	7.17e-23	85.5
Sample:REF,Pos:40085	WP_113886670.1	90.566	53	5	0	3	161	1389	1441	2.22e-22	84.3
Sample:REF,Pos:40085	WP_113886670.1	88.679	53	6	0	3	161	1329	1381	9.20e-22	82.4
Sample:REF,Pos:40085	WP_113886670.1	88.679	53	6	0	3	161	1341	1393	9.85e-22	82.4
Sample:REF,Pos:40085	WP_113886670.1	92.157	51	4	0	3	155	1419	1469	9.95e-22	82.4
Sample:REF,Pos:40085	WP_113886670.1	86.792	53	7	0	3	161	1401	1453	3.05e-21	80.9
Sample:REF,Pos:40085	WP_113886670.1	86.792	53	7	0	3	161	1413	1465	3.05e-21	80.9
Sample:REF,Pos:40085	WP_113886670.1	86.792	53	7	0	3	161	1359	1411	3.27e-21	80.9
Sample:REF,Pos:40085	WP_113886670.1	86.792	53	7	0	3	161	1383	1435	3.27e-21	80.9
Sample:REF,Pos:40085	WP_113886670.1	90.196	51	5	0	9	161	1325	1375	5.11e-21	80.5
Sample:REF,Pos:40085	WP_113886670.1	77.551	49	11	0	15	161	1321	1369	5.90e-16	65.9
Sample:REF,Pos:40085	WP_113886670.1	100.000	12	0	0	166	201	1336	1347	0.046	26.9
Sample:REF,Pos:40085	WP_113886670.1	100.000	12	0	0	166	201	1354	1365	0.046	26.9
Sample:REF,Pos:40085	WP_113886670.1	100.000	12	0	0	166	201	1366	1377	0.046	26.9
Sample:REF,Pos:40085	WP_113886670.1	100.000	12	0	0	166	201	1390	1401	0.046	26.9
Sample:REF,Pos:40085	WP_113886670.1	100.000	12	0	0	166	201	1408	1419	0.046	26.9
Sample:REF,Pos:40085	WP_113886670.1	100.000	12	0	0	166	201	1420	1431	0.046	26.9
Sample:REF,Pos:40085	WP_113886670.1	100.000	12	0	0	166	201	1438	1449	0.046	26.9
Sample:REF,Pos:40085	WP_113886670.1	100.000	12	0	0	166	201	1450	1461	0.046	26.9
Sample:REF,Pos:40085	WP_113886670.1	91.667	12	1	0	166	201	1348	1359	0.14	25.4
Sample:REF,Pos:40085	WP_113886670.1	91.667	12	1	0	166	201	1396	1407	0.15	25.4
Sample:REF,Pos:40085	WP_113886670.1	91.667	12	1	0	166	201	1426	1437	0.15	25.4
Sample:REF,Pos:40085	WP_113886670.1	83.333	12	2	0	166	201	1330	1341	0.47	23.9
Sample:REF,Pos:40085	WP_113886670.1	83.333	12	2	0	166	201	1342	1353	0.47	23.9
Sample:REF,Pos:40085	WP_113886670.1	83.333	12	2	0	166	201	1360	1371	0.47	23.9
Sample:REF,Pos:40085	WP_113886670.1	83.333	12	2	0	166	201	1372	1383	0.47	23.9
Sample:REF,Pos:40085	WP_113886670.1	83.333	12	2	0	166	201	1402	1413	0.47	23.9
Sample:REF,Pos:40085	WP_113886670.1	83.333	12	2	0	166	201	1414	1425	0.47	23.9
Sample:REF,Pos:40085	WP_113886670.1	83.333	12	2	0	166	201	1432	1443	0.47	23.9
Sample:REF,Pos:40085	WP_113886670.1	83.333	12	2	0	166	201	1444	1455	0.47	23.9
Sample:REF,Pos:40085	WP_113886670.1	83.333	12	2	0	166	201	1456	1467	0.47	23.9
Sample:REF,Pos:40085	WP_113886670.1	83.333	12	2	0	166	201	1378	1389	0.88	23.1
Sample:REF,Pos:40085	WP_113886670.1	83.333	12	2	0	166	201	1384	1395	0.88	23.1
Sample:REF,Pos:40085	WP_113886670.1	81.818	11	2	0	169	201	1325	1335	2.6	21.9
Sample:REF,Pos:40085	WP_004897026.1	33.333	24	16	0	105	176	327	350	4.5	21.2
# BLAST processed 1 queries
