# BLASTX 2.4.0+
# Query: Sample:REF,Pos:40088 <unknown description>
# Database: User specified sequence set (Input: lactobacillus_johnsonii_protein.faa)
# Fields: query id, subject id, % identity, alignment length, mismatches, gap opens, q. start, q. end, s. start, s. end, evalue, bit score
# 39 hits found
Sample:REF,Pos:40088	WP_113886670.1	100.000	52	0	0	3	158	1366	1417	8.17e-26	94.0
Sample:REF,Pos:40088	WP_113886670.1	94.231	52	3	0	3	158	1396	1447	4.20e-23	86.3
Sample:REF,Pos:40088	WP_113886670.1	92.308	52	4	0	3	158	1408	1459	1.72e-22	84.3
Sample:REF,Pos:40088	WP_113886670.1	92.308	52	4	0	3	158	1336	1387	1.96e-22	84.3
Sample:REF,Pos:40088	WP_113886670.1	90.385	52	5	0	3	158	1390	1441	5.66e-22	83.2
Sample:REF,Pos:40088	WP_113886670.1	88.462	52	6	0	3	158	1330	1381	2.32e-21	81.3
Sample:REF,Pos:40088	WP_113886670.1	88.462	52	6	0	3	158	1342	1393	2.64e-21	81.3
Sample:REF,Pos:40088	WP_113886670.1	92.000	50	4	0	3	152	1420	1469	2.64e-21	81.3
Sample:REF,Pos:40088	WP_113886670.1	90.196	51	5	0	6	158	1325	1375	3.36e-21	80.9
Sample:REF,Pos:40088	WP_113886670.1	86.538	52	7	0	3	158	1402	1453	7.63e-21	79.7
Sample:REF,Pos:40088	WP_113886670.1	86.538	52	7	0	3	158	1414	1465	7.63e-21	79.7
Sample:REF,Pos:40088	WP_113886670.1	86.538	52	7	0	3	158	1360	1411	8.66e-21	79.7
Sample:REF,Pos:40088	WP_113886670.1	86.538	52	7	0	3	158	1384	1435	8.66e-21	79.7
Sample:REF,Pos:40088	WP_113886670.1	86.538	52	7	0	3	158	1348	1399	1.08e-20	79.3
Sample:REF,Pos:40088	WP_113886670.1	77.551	49	11	0	12	158	1321	1369	3.95e-16	66.6
Sample:REF,Pos:40088	WP_113886670.1	100.000	13	0	0	163	201	1336	1348	0.013	28.5
Sample:REF,Pos:40088	WP_113886670.1	100.000	13	0	0	163	201	1354	1366	0.013	28.5
Sample:REF,Pos:40088	WP_113886670.1	100.000	13	0	0	163	201	1366	1378	0.013	28.5
Sample:REF,Pos:40088	WP_113886670.1	100.000	13	0	0	163	201	1390	1402	0.013	28.5
Sample:REF,Pos:40088	WP_113886670.1	100.000	13	0	0	163	201	1408	1420	0.013	28.5
Sample:REF,Pos:40088	WP_113886670.1	100.000	13	0	0	163	201	1420	1432	0.013	28.5
Sample:REF,Pos:40088	WP_113886670.1	100.000	13	0	0	163	201	1438	1450	0.013	28.5
Sample:REF,Pos:40088	WP_113886670.1	100.000	13	0	0	163	201	1450	1462	0.013	28.5
Sample:REF,Pos:40088	WP_113886670.1	92.308	13	1	0	163	201	1348	1360	0.040	26.9
Sample:REF,Pos:40088	WP_113886670.1	92.308	13	1	0	163	201	1396	1408	0.042	26.9
Sample:REF,Pos:40088	WP_113886670.1	92.308	13	1	0	163	201	1426	1438	0.042	26.9
Sample:REF,Pos:40088	WP_113886670.1	84.615	13	2	0	163	201	1330	1342	0.13	25.4
Sample:REF,Pos:40088	WP_113886670.1	84.615	13	2	0	163	201	1342	1354	0.13	25.4
Sample:REF,Pos:40088	WP_113886670.1	84.615	13	2	0	163	201	1360	1372	0.13	25.4
Sample:REF,Pos:40088	WP_113886670.1	84.615	13	2	0	163	201	1372	1384	0.13	25.4
Sample:REF,Pos:40088	WP_113886670.1	84.615	13	2	0	163	201	1402	1414	0.13	25.4
Sample:REF,Pos:40088	WP_113886670.1	84.615	13	2	0	163	201	1414	1426	0.13	25.4
Sample:REF,Pos:40088	WP_113886670.1	84.615	13	2	0	163	201	1432	1444	0.13	25.4
Sample:REF,Pos:40088	WP_113886670.1	84.615	13	2	0	163	201	1444	1456	0.13	25.4
Sample:REF,Pos:40088	WP_113886670.1	84.615	13	2	0	163	201	1456	1468	0.13	25.4
Sample:REF,Pos:40088	WP_113886670.1	84.615	13	2	0	163	201	1378	1390	0.26	24.6
Sample:REF,Pos:40088	WP_113886670.1	84.615	13	2	0	163	201	1384	1396	0.26	24.6
Sample:REF,Pos:40088	WP_113886670.1	83.333	12	2	0	166	201	1325	1336	0.68	23.5
Sample:REF,Pos:40088	WP_004897026.1	33.333	24	16	0	102	173	327	350	4.9	21.2
# BLAST processed 1 queries
