# BLASTX 2.4.0+
# Query: Sample:REF,Pos:40191 <unknown description>
# Database: User specified sequence set (Input: lactobacillus_johnsonii_protein.faa)
# Fields: query id, subject id, % identity, alignment length, mismatches, gap opens, q. start, q. end, s. start, s. end, evalue, bit score
# 55 hits found
Sample:REF,Pos:40191	WP_086874545.1	100.000	31	0	0	108	200	18	48	1.62e-17	69.7
Sample:REF,Pos:40191	WP_113886670.1	100.000	17	0	0	57	107	1419	1435	4.61e-10	37.7
Sample:REF,Pos:40191	WP_113886670.1	100.000	17	0	0	57	107	1449	1465	4.61e-10	37.7
Sample:REF,Pos:40191	WP_113886670.1	100.000	18	0	0	2	55	1400	1417	4.61e-10	37.0
Sample:REF,Pos:40191	WP_113886670.1	100.000	18	0	0	2	55	1430	1447	4.61e-10	37.0
Sample:REF,Pos:40191	WP_113886670.1	100.000	17	0	0	57	107	1353	1369	1.10e-09	37.7
Sample:REF,Pos:40191	WP_113886670.1	100.000	17	0	0	57	107	1365	1381	1.10e-09	37.7
Sample:REF,Pos:40191	WP_113886670.1	100.000	17	0	0	57	107	1389	1405	1.10e-09	37.7
Sample:REF,Pos:40191	WP_113886670.1	100.000	17	0	0	57	107	1437	1453	1.10e-09	37.7
Sample:REF,Pos:40191	WP_113886670.1	94.444	18	1	0	2	55	1340	1357	1.10e-09	35.4
Sample:REF,Pos:40191	WP_113886670.1	94.444	18	1	0	2	55	1346	1363	1.10e-09	35.4
Sample:REF,Pos:40191	WP_113886670.1	94.444	18	1	0	2	55	1358	1375	1.10e-09	35.4
Sample:REF,Pos:40191	WP_113886670.1	94.444	18	1	0	2	55	1412	1429	1.10e-09	35.4
Sample:REF,Pos:40191	WP_113886670.1	100.000	17	0	0	57	107	1407	1423	3.23e-09	37.7
Sample:REF,Pos:40191	WP_113886670.1	88.889	18	2	0	2	55	1364	1381	3.23e-09	33.9
Sample:REF,Pos:40191	WP_113886670.1	94.118	17	1	0	57	107	1347	1363	4.21e-09	36.2
Sample:REF,Pos:40191	WP_113886670.1	94.444	18	1	0	2	55	1328	1345	4.21e-09	35.0
Sample:REF,Pos:40191	WP_113886670.1	94.118	17	1	0	57	107	1425	1441	8.43e-09	36.2
Sample:REF,Pos:40191	WP_113886670.1	88.889	18	2	0	2	55	1394	1411	8.43e-09	33.9
Sample:REF,Pos:40191	WP_113886670.1	94.118	17	1	0	57	107	1395	1411	1.07e-08	36.2
Sample:REF,Pos:40191	WP_113886670.1	88.889	18	2	0	2	55	1370	1387	1.07e-08	33.5
Sample:REF,Pos:40191	WP_113886670.1	88.235	17	2	0	57	107	1359	1375	2.11e-08	34.7
Sample:REF,Pos:40191	WP_113886670.1	88.235	17	2	0	57	107	1431	1447	2.11e-08	34.7
Sample:REF,Pos:40191	WP_113886670.1	88.235	17	2	0	57	107	1443	1459	2.11e-08	34.7
Sample:REF,Pos:40191	WP_113886670.1	88.889	18	2	0	2	55	1334	1351	2.11e-08	33.9
Sample:REF,Pos:40191	WP_113886670.1	88.889	18	2	0	2	55	1406	1423	2.11e-08	33.9
Sample:REF,Pos:40191	WP_113886670.1	88.889	18	2	0	2	55	1418	1435	2.11e-08	33.9
Sample:REF,Pos:40191	WP_113886670.1	88.235	17	2	0	57	107	1401	1417	2.69e-08	34.7
Sample:REF,Pos:40191	WP_113886670.1	88.889	18	2	0	2	55	1376	1393	2.69e-08	33.5
Sample:REF,Pos:40191	WP_113886670.1	88.235	17	2	0	57	107	1413	1429	5.04e-08	34.7
Sample:REF,Pos:40191	WP_113886670.1	83.333	18	3	0	2	55	1388	1405	5.04e-08	32.7
Sample:REF,Pos:40191	WP_113886670.1	94.444	18	1	0	2	55	1442	1459	1.05e-07	35.4
Sample:REF,Pos:40191	WP_113886670.1	86.667	15	2	0	57	101	1455	1469	1.05e-07	30.8
Sample:REF,Pos:40191	WP_113886670.1	88.235	17	2	0	57	107	1377	1393	1.13e-07	33.5
Sample:REF,Pos:40191	WP_113886670.1	83.333	18	3	0	2	55	1352	1369	1.13e-07	32.7
Sample:REF,Pos:40191	WP_113886670.1	100.000	17	0	0	57	107	1335	1351	5.42e-07	37.7
Sample:REF,Pos:40191	WP_113886670.1	80.000	15	3	0	11	55	1325	1339	5.42e-07	26.2
Sample:REF,Pos:40191	WP_113886670.1	88.235	17	2	0	57	107	1329	1345	6.29e-05	34.7
Sample:REF,Pos:40191	WP_113886670.1	88.235	17	2	0	57	107	1341	1357	6.29e-05	34.7
Sample:REF,Pos:40191	WP_113886670.1	88.889	18	2	0	2	55	1424	1441	1.19e-04	33.9
Sample:REF,Pos:40191	WP_113886670.1	88.889	18	2	0	2	55	1436	1453	1.19e-04	33.9
Sample:REF,Pos:40191	WP_113886670.1	88.889	18	2	0	2	55	1448	1465	1.19e-04	33.9
Sample:REF,Pos:40191	WP_113886670.1	88.235	17	2	0	57	107	1383	1399	1.70e-04	33.5
Sample:REF,Pos:40191	WP_113886670.1	83.333	18	3	0	2	55	1382	1399	4.66e-04	32.3
Sample:REF,Pos:40191	WP_113886670.1	82.353	17	3	0	57	107	1371	1387	5.52e-04	32.0
Sample:REF,Pos:40191	WP_113886670.1	93.750	16	1	0	2	49	1454	1469	6.03e-04	32.0
Sample:REF,Pos:40191	WP_113886670.1	62.500	24	7	1	36	107	1318	1339	0.002	30.4
Sample:REF,Pos:40191	WP_004895097.1	31.429	35	23	1	87	188	57	91	0.65	23.5
Sample:REF,Pos:40191	WP_014567312.1	72.727	11	3	0	185	153	149	159	0.96	23.1
Sample:REF,Pos:40191	WP_012845920.1	66.667	15	3	1	101	57	200	212	1.9	22.3
Sample:REF,Pos:40191	WP_014567855.1	34.783	23	15	0	134	66	37	59	4.4	21.2
Sample:REF,Pos:40191	WP_003647012.1	63.636	11	4	0	40	8	7	17	6.8	20.8
Sample:REF,Pos:40191	WP_113886592.1	80.000	10	2	0	55	26	91	100	8.0	20.4
Sample:REF,Pos:40191	WP_086875095.1	43.333	30	11	2	137	48	223	246	9.5	20.0
Sample:REF,Pos:40191	WP_004897131.1	26.923	52	33	1	27	182	204	250	9.6	20.4
# BLAST processed 1 queries
