# BLASTX 2.4.0+
# Query: Sample:REF,Pos:40118 <unknown description>
# Database: User specified sequence set (Input: lactobacillus_johnsonii_protein.faa)
# Fields: query id, subject id, % identity, alignment length, mismatches, gap opens, q. start, q. end, s. start, s. end, evalue, bit score
# 43 hits found
Sample:REF,Pos:40118	WP_113886670.1	100.000	42	0	0	3	128	1376	1417	5.25e-21	77.4
Sample:REF,Pos:40118	WP_113886670.1	100.000	16	0	0	133	180	1420	1435	5.25e-21	34.3
Sample:REF,Pos:40118	WP_113886670.1	95.238	42	2	0	3	128	1406	1447	3.21e-19	71.6
Sample:REF,Pos:40118	WP_113886670.1	100.000	16	0	0	133	180	1450	1465	3.21e-19	34.3
Sample:REF,Pos:40118	WP_113886670.1	92.857	42	3	0	3	128	1334	1375	9.71e-19	69.7
Sample:REF,Pos:40118	WP_113886670.1	100.000	16	0	0	133	180	1390	1405	9.71e-19	34.3
Sample:REF,Pos:40118	WP_113886670.1	90.476	42	4	0	3	128	1346	1387	3.08e-18	68.2
Sample:REF,Pos:40118	WP_113886670.1	100.000	16	0	0	133	180	1408	1423	3.08e-18	34.3
Sample:REF,Pos:40118	WP_113886670.1	88.095	42	5	0	3	128	1400	1441	7.51e-18	67.0
Sample:REF,Pos:40118	WP_113886670.1	100.000	16	0	0	133	180	1438	1453	7.51e-18	34.3
Sample:REF,Pos:40118	WP_113886670.1	88.095	42	5	0	3	128	1340	1381	1.99e-17	66.6
Sample:REF,Pos:40118	WP_113886670.1	93.750	16	1	0	133	180	1396	1411	1.99e-17	32.7
Sample:REF,Pos:40118	WP_113886670.1	88.095	42	5	0	3	128	1352	1393	2.26e-17	66.6
Sample:REF,Pos:40118	WP_113886670.1	93.750	16	1	0	133	180	1426	1441	2.26e-17	32.7
Sample:REF,Pos:40118	WP_113886670.1	90.476	42	4	0	3	128	1418	1459	8.54e-17	68.2
Sample:REF,Pos:40118	WP_113886670.1	85.366	41	6	0	6	128	1329	1369	9.09e-17	63.2
Sample:REF,Pos:40118	WP_113886670.1	100.000	16	0	0	133	180	1366	1381	9.09e-17	34.3
Sample:REF,Pos:40118	WP_113886670.1	85.714	42	6	0	3	128	1394	1435	1.53e-16	65.1
Sample:REF,Pos:40118	WP_113886670.1	87.500	16	2	0	133	180	1432	1447	1.53e-16	31.2
Sample:REF,Pos:40118	WP_113886670.1	85.714	42	6	0	3	128	1364	1405	1.75e-16	65.1
Sample:REF,Pos:40118	WP_113886670.1	85.714	42	6	0	3	128	1370	1411	1.75e-16	65.1
Sample:REF,Pos:40118	WP_113886670.1	87.500	16	2	0	133	180	1402	1417	1.75e-16	31.2
Sample:REF,Pos:40118	WP_113886670.1	87.500	16	2	0	133	180	1414	1429	1.75e-16	31.2
Sample:REF,Pos:40118	WP_113886670.1	85.714	42	6	0	3	128	1412	1453	1.08e-15	65.1
Sample:REF,Pos:40118	WP_113886670.1	85.714	42	6	0	3	128	1424	1465	1.08e-15	65.1
Sample:REF,Pos:40118	WP_113886670.1	90.000	40	4	0	3	122	1430	1469	1.35e-15	65.1
Sample:REF,Pos:40118	WP_113886670.1	87.179	39	5	0	12	128	1325	1363	2.85e-15	60.8
Sample:REF,Pos:40118	WP_113886670.1	87.500	16	2	0	133	180	1360	1375	2.85e-15	31.2
Sample:REF,Pos:40118	WP_113886670.1	83.333	42	7	0	3	128	1358	1399	4.72e-15	63.5
Sample:REF,Pos:40118	WP_113886670.1	100.000	16	0	0	133	180	1336	1351	1.09e-04	34.3
Sample:REF,Pos:40118	WP_113886670.1	100.000	16	0	0	133	180	1354	1369	1.09e-04	34.3
Sample:REF,Pos:40118	WP_113886670.1	93.750	16	1	0	133	180	1348	1363	3.75e-04	32.7
Sample:REF,Pos:40118	WP_113886670.1	87.500	16	2	0	133	180	1330	1345	0.001	31.2
Sample:REF,Pos:40118	WP_113886670.1	87.500	16	2	0	133	180	1342	1357	0.001	31.2
Sample:REF,Pos:40118	WP_113886670.1	87.500	16	2	0	133	180	1444	1459	0.001	31.2
Sample:REF,Pos:40118	WP_113886670.1	87.500	16	2	0	133	180	1378	1393	0.003	30.4
Sample:REF,Pos:40118	WP_113886670.1	87.500	16	2	0	133	180	1384	1399	0.003	30.4
Sample:REF,Pos:40118	WP_113886670.1	86.667	15	2	0	136	180	1325	1339	0.005	29.3
Sample:REF,Pos:40118	WP_113886670.1	81.250	16	3	0	133	180	1372	1387	0.008	28.9
Sample:REF,Pos:40118	WP_113886670.1	85.714	14	2	0	133	174	1456	1469	0.026	27.3
Sample:REF,Pos:40118	WP_012845920.1	62.500	16	4	1	177	130	199	212	5.6	20.8
Sample:REF,Pos:40118	WP_004897026.1	33.333	24	16	0	72	143	327	350	6.1	20.8
Sample:REF,Pos:40118	WP_086874545.1	100.000	7	0	0	181	201	18	24	9.3	20.4
# BLAST processed 1 queries
