# BLASTX 2.4.0+
# Query: Sample:REF,Pos:40139 <unknown description>
# Database: User specified sequence set (Input: lactobacillus_johnsonii_protein.faa)
# Fields: query id, subject id, % identity, alignment length, mismatches, gap opens, q. start, q. end, s. start, s. end, evalue, bit score
# 49 hits found
Sample:REF,Pos:40139	WP_113886670.1	100.000	35	0	0	3	107	1383	1417	1.38e-17	65.5
Sample:REF,Pos:40139	WP_113886670.1	100.000	16	0	0	112	159	1420	1435	1.38e-17	34.7
Sample:REF,Pos:40139	WP_113886670.1	94.286	35	2	0	3	107	1413	1447	7.18e-16	59.7
Sample:REF,Pos:40139	WP_113886670.1	100.000	16	0	0	112	159	1450	1465	7.18e-16	34.7
Sample:REF,Pos:40139	WP_113886670.1	91.429	35	3	0	3	107	1329	1363	2.14e-15	58.2
Sample:REF,Pos:40139	WP_113886670.1	91.429	35	3	0	3	107	1341	1375	2.14e-15	58.2
Sample:REF,Pos:40139	WP_113886670.1	91.429	35	3	0	3	107	1347	1381	2.14e-15	58.2
Sample:REF,Pos:40139	WP_113886670.1	100.000	16	0	0	112	159	1366	1381	2.14e-15	34.7
Sample:REF,Pos:40139	WP_113886670.1	100.000	16	0	0	112	159	1390	1405	2.14e-15	34.7
Sample:REF,Pos:40139	WP_113886670.1	100.000	16	0	0	112	159	1408	1423	2.14e-15	34.7
Sample:REF,Pos:40139	WP_113886670.1	88.571	35	4	0	3	107	1389	1423	5.79e-15	56.6
Sample:REF,Pos:40139	WP_113886670.1	100.000	16	0	0	112	159	1438	1453	5.79e-15	34.7
Sample:REF,Pos:40139	WP_113886670.1	88.571	35	4	0	3	107	1353	1387	1.74e-14	56.2
Sample:REF,Pos:40139	WP_113886670.1	88.571	35	4	0	3	107	1359	1393	1.74e-14	56.2
Sample:REF,Pos:40139	WP_113886670.1	93.750	16	1	0	112	159	1396	1411	1.74e-14	33.5
Sample:REF,Pos:40139	WP_113886670.1	93.750	16	1	0	112	159	1426	1441	1.74e-14	33.5
Sample:REF,Pos:40139	WP_113886670.1	90.323	31	3	0	15	107	1327	1357	3.84e-14	53.5
Sample:REF,Pos:40139	WP_113886670.1	100.000	16	0	0	112	159	1354	1369	3.84e-14	34.7
Sample:REF,Pos:40139	WP_113886670.1	88.571	35	4	0	3	107	1401	1435	4.00e-14	56.6
Sample:REF,Pos:40139	WP_113886670.1	88.571	35	4	0	3	107	1407	1441	4.00e-14	56.6
Sample:REF,Pos:40139	WP_113886670.1	87.500	16	2	0	112	159	1432	1447	4.00e-14	32.0
Sample:REF,Pos:40139	WP_113886670.1	87.500	16	2	0	112	159	1444	1459	4.00e-14	32.0
Sample:REF,Pos:40139	WP_113886670.1	88.571	35	4	0	3	107	1377	1411	4.86e-14	56.2
Sample:REF,Pos:40139	WP_113886670.1	87.500	16	2	0	112	159	1414	1429	4.86e-14	32.0
Sample:REF,Pos:40139	WP_113886670.1	85.714	35	5	0	3	107	1335	1369	1.19e-13	55.1
Sample:REF,Pos:40139	WP_113886670.1	87.500	16	2	0	112	159	1402	1417	1.19e-13	32.0
Sample:REF,Pos:40139	WP_113886670.1	88.571	35	4	0	3	107	1419	1453	5.54e-13	56.6
Sample:REF,Pos:40139	WP_113886670.1	85.714	14	2	0	112	153	1456	1469	5.54e-13	28.1
Sample:REF,Pos:40139	WP_113886670.1	88.571	35	4	0	3	107	1425	1459	1.28e-12	56.6
Sample:REF,Pos:40139	WP_113886670.1	88.571	35	4	0	3	107	1431	1465	1.28e-12	56.6
Sample:REF,Pos:40139	WP_113886670.1	85.714	35	5	0	3	107	1365	1399	5.99e-12	54.7
Sample:REF,Pos:40139	WP_113886670.1	90.909	33	3	0	3	101	1437	1469	6.29e-12	54.7
Sample:REF,Pos:40139	WP_113886670.1	82.857	35	6	0	3	107	1371	1405	1.98e-11	53.1
Sample:REF,Pos:40139	WP_113886670.1	77.419	31	7	0	15	107	1321	1351	2.07e-11	45.8
Sample:REF,Pos:40139	WP_113886670.1	93.750	16	1	0	112	159	1348	1363	2.07e-11	33.1
Sample:REF,Pos:40139	WP_113886670.1	100.000	16	0	0	112	159	1336	1351	7.02e-05	34.7
Sample:REF,Pos:40139	WP_113886670.1	87.500	16	2	0	112	159	1330	1345	7.27e-04	32.0
Sample:REF,Pos:40139	WP_113886670.1	87.500	16	2	0	112	159	1342	1357	7.27e-04	32.0
Sample:REF,Pos:40139	WP_113886670.1	87.500	16	2	0	112	159	1360	1375	7.27e-04	32.0
Sample:REF,Pos:40139	WP_113886670.1	87.500	16	2	0	112	159	1378	1393	0.002	30.8
Sample:REF,Pos:40139	WP_113886670.1	87.500	16	2	0	112	159	1384	1399	0.002	30.8
Sample:REF,Pos:40139	WP_113886670.1	86.667	15	2	0	115	159	1325	1339	0.004	30.0
Sample:REF,Pos:40139	WP_113886670.1	81.250	16	3	0	112	159	1372	1387	0.005	29.3
Sample:REF,Pos:40139	WP_086874545.1	100.000	14	0	0	160	201	18	31	6.09e-05	34.7
Sample:REF,Pos:40139	WP_012845920.1	66.667	15	3	1	153	109	200	212	1.9	22.3
Sample:REF,Pos:40139	WP_113886592.1	80.000	10	2	0	107	78	91	100	3.2	21.6
Sample:REF,Pos:40139	WP_014567855.1	34.783	23	15	0	186	118	37	59	4.5	21.2
Sample:REF,Pos:40139	WP_004897026.1	33.333	24	16	0	51	122	327	350	5.8	20.8
Sample:REF,Pos:40139	WP_086875095.1	43.333	30	11	2	189	100	223	246	9.8	20.0
# BLAST processed 1 queries
