# BLASTX 2.4.0+
# Query: Sample:REF,Pos:40152 <unknown description>
# Database: User specified sequence set (Input: lactobacillus_johnsonii_protein.faa)
# Fields: query id, subject id, % identity, alignment length, mismatches, gap opens, q. start, q. end, s. start, s. end, evalue, bit score
# 53 hits found
Sample:REF,Pos:40152	WP_113886670.1	100.000	31	0	0	2	94	1387	1417	1.25e-15	58.5
Sample:REF,Pos:40152	WP_113886670.1	100.000	16	0	0	99	146	1420	1435	1.25e-15	34.7
Sample:REF,Pos:40152	WP_113886670.1	96.774	31	1	0	2	94	1417	1447	3.33e-15	57.0
Sample:REF,Pos:40152	WP_113886670.1	100.000	16	0	0	99	146	1450	1465	3.33e-15	34.7
Sample:REF,Pos:40152	WP_113886670.1	93.548	31	2	0	2	94	1333	1363	9.84e-15	55.5
Sample:REF,Pos:40152	WP_113886670.1	93.548	31	2	0	2	94	1345	1375	9.84e-15	55.5
Sample:REF,Pos:40152	WP_113886670.1	93.548	31	2	0	2	94	1351	1381	9.84e-15	55.5
Sample:REF,Pos:40152	WP_113886670.1	100.000	16	0	0	99	146	1366	1381	9.84e-15	34.7
Sample:REF,Pos:40152	WP_113886670.1	100.000	16	0	0	99	146	1390	1405	9.84e-15	34.7
Sample:REF,Pos:40152	WP_113886670.1	100.000	16	0	0	99	146	1408	1423	9.84e-15	34.7
Sample:REF,Pos:40152	WP_113886670.1	90.323	31	3	0	2	94	1393	1423	2.62e-14	54.3
Sample:REF,Pos:40152	WP_113886670.1	100.000	16	0	0	99	146	1438	1453	2.62e-14	34.7
Sample:REF,Pos:40152	WP_113886670.1	90.323	31	3	0	2	94	1327	1357	3.65e-14	53.5
Sample:REF,Pos:40152	WP_113886670.1	100.000	16	0	0	99	146	1354	1369	3.65e-14	34.7
Sample:REF,Pos:40152	WP_113886670.1	90.323	31	3	0	2	94	1399	1429	6.31e-14	54.3
Sample:REF,Pos:40152	WP_113886670.1	93.750	16	1	0	99	146	1426	1441	6.31e-14	33.5
Sample:REF,Pos:40152	WP_113886670.1	90.323	31	3	0	2	94	1357	1387	7.54e-14	53.9
Sample:REF,Pos:40152	WP_113886670.1	93.750	16	1	0	99	146	1396	1411	7.54e-14	33.5
Sample:REF,Pos:40152	WP_113886670.1	90.323	31	3	0	2	94	1405	1435	1.72e-13	54.3
Sample:REF,Pos:40152	WP_113886670.1	90.323	31	3	0	2	94	1411	1441	1.72e-13	54.3
Sample:REF,Pos:40152	WP_113886670.1	87.500	16	2	0	99	146	1432	1447	1.72e-13	32.0
Sample:REF,Pos:40152	WP_113886670.1	87.500	16	2	0	99	146	1444	1459	1.72e-13	32.0
Sample:REF,Pos:40152	WP_113886670.1	90.323	31	3	0	2	94	1363	1393	2.05e-13	53.9
Sample:REF,Pos:40152	WP_113886670.1	90.323	31	3	0	2	94	1381	1411	2.05e-13	53.9
Sample:REF,Pos:40152	WP_113886670.1	87.500	16	2	0	99	146	1402	1417	2.05e-13	32.0
Sample:REF,Pos:40152	WP_113886670.1	87.500	16	2	0	99	146	1414	1429	2.05e-13	32.0
Sample:REF,Pos:40152	WP_113886670.1	87.097	31	4	0	2	94	1339	1369	1.15e-12	52.4
Sample:REF,Pos:40152	WP_113886670.1	87.500	16	2	0	99	146	1378	1393	1.15e-12	30.8
Sample:REF,Pos:40152	WP_113886670.1	90.323	31	3	0	2	94	1423	1453	2.49e-12	54.3
Sample:REF,Pos:40152	WP_113886670.1	85.714	14	2	0	99	140	1456	1469	2.49e-12	28.1
Sample:REF,Pos:40152	WP_113886670.1	90.323	31	3	0	2	94	1429	1459	8.86e-12	54.3
Sample:REF,Pos:40152	WP_113886670.1	90.323	31	3	0	2	94	1435	1465	8.86e-12	54.3
Sample:REF,Pos:40152	WP_113886670.1	77.419	31	7	0	2	94	1321	1351	1.97e-11	45.8
Sample:REF,Pos:40152	WP_113886670.1	93.750	16	1	0	99	146	1348	1363	1.97e-11	33.5
Sample:REF,Pos:40152	WP_113886670.1	87.097	31	4	0	2	94	1369	1399	4.04e-11	52.4
Sample:REF,Pos:40152	WP_113886670.1	93.103	29	2	0	2	88	1441	1469	4.33e-11	52.0
Sample:REF,Pos:40152	WP_113886670.1	83.871	31	5	0	2	94	1375	1405	1.31e-10	50.8
Sample:REF,Pos:40152	WP_113886670.1	100.000	16	0	0	99	146	1336	1351	5.93e-05	34.7
Sample:REF,Pos:40152	WP_113886670.1	87.500	16	2	0	99	146	1330	1345	5.79e-04	32.0
Sample:REF,Pos:40152	WP_113886670.1	87.500	16	2	0	99	146	1342	1357	5.79e-04	32.0
Sample:REF,Pos:40152	WP_113886670.1	87.500	16	2	0	99	146	1360	1375	5.79e-04	32.0
Sample:REF,Pos:40152	WP_113886670.1	43.182	44	25	0	2	133	1453	1496	0.001	31.2
Sample:REF,Pos:40152	WP_113886670.1	87.500	16	2	0	99	146	1384	1399	0.002	30.8
Sample:REF,Pos:40152	WP_113886670.1	86.667	15	2	0	102	146	1325	1339	0.003	30.0
Sample:REF,Pos:40152	WP_113886670.1	81.250	16	3	0	99	146	1372	1387	0.005	29.6
Sample:REF,Pos:40152	WP_086874545.1	100.000	18	0	0	147	200	18	35	1.72e-08	44.7
Sample:REF,Pos:40152	WP_012845920.1	66.667	15	3	1	140	96	200	212	1.9	22.3
Sample:REF,Pos:40152	WP_011161934.1	29.630	27	19	0	91	11	204	230	2.6	21.9
Sample:REF,Pos:40152	WP_014567855.1	34.783	23	15	0	173	105	37	59	4.4	21.2
Sample:REF,Pos:40152	WP_004897026.1	33.333	24	16	0	38	109	327	350	6.6	20.8
Sample:REF,Pos:40152	WP_003647012.1	63.636	11	4	0	79	47	7	17	7.6	20.4
Sample:REF,Pos:40152	WP_113886592.1	80.000	10	2	0	94	65	91	100	8.0	20.4
Sample:REF,Pos:40152	WP_086875095.1	43.333	30	11	2	176	87	223	246	9.5	20.0
# BLAST processed 1 queries
