# BLASTX 2.4.0+
# Query: Sample:REF,Pos:40170 <unknown description>
# Database: User specified sequence set (Input: lactobacillus_johnsonii_protein.faa)
# Fields: query id, subject id, % identity, alignment length, mismatches, gap opens, q. start, q. end, s. start, s. end, evalue, bit score
# 54 hits found
Sample:REF,Pos:40170	WP_113886670.1	100.000	25	0	0	2	76	1393	1417	1.01e-12	48.5
Sample:REF,Pos:40170	WP_113886670.1	100.000	25	0	0	2	76	1423	1447	1.01e-12	48.5
Sample:REF,Pos:40170	WP_113886670.1	100.000	16	0	0	81	128	1420	1435	1.01e-12	35.0
Sample:REF,Pos:40170	WP_113886670.1	100.000	16	0	0	81	128	1450	1465	1.01e-12	35.0
Sample:REF,Pos:40170	WP_113886670.1	96.000	25	1	0	2	76	1339	1363	2.72e-12	47.0
Sample:REF,Pos:40170	WP_113886670.1	96.000	25	1	0	2	76	1351	1375	2.72e-12	47.0
Sample:REF,Pos:40170	WP_113886670.1	100.000	16	0	0	81	128	1366	1381	2.72e-12	35.0
Sample:REF,Pos:40170	WP_113886670.1	100.000	16	0	0	81	128	1390	1405	2.72e-12	35.0
Sample:REF,Pos:40170	WP_113886670.1	92.000	25	2	0	2	76	1333	1357	7.58e-12	45.4
Sample:REF,Pos:40170	WP_113886670.1	92.000	25	2	0	2	76	1357	1381	7.58e-12	45.4
Sample:REF,Pos:40170	WP_113886670.1	92.000	25	2	0	2	76	1387	1411	7.58e-12	45.4
Sample:REF,Pos:40170	WP_113886670.1	100.000	16	0	0	81	128	1354	1369	7.58e-12	35.0
Sample:REF,Pos:40170	WP_113886670.1	100.000	16	0	0	81	128	1408	1423	7.58e-12	35.0
Sample:REF,Pos:40170	WP_113886670.1	100.000	16	0	0	81	128	1438	1453	7.58e-12	35.0
Sample:REF,Pos:40170	WP_113886670.1	92.000	25	2	0	2	76	1405	1429	2.02e-11	45.4
Sample:REF,Pos:40170	WP_113886670.1	93.750	16	1	0	81	128	1426	1441	2.02e-11	33.5
Sample:REF,Pos:40170	WP_113886670.1	92.000	25	2	0	2	76	1369	1393	2.48e-11	45.4
Sample:REF,Pos:40170	WP_113886670.1	93.750	16	1	0	81	128	1396	1411	2.48e-11	33.5
Sample:REF,Pos:40170	WP_113886670.1	92.000	25	2	0	2	76	1411	1435	4.97e-11	45.4
Sample:REF,Pos:40170	WP_113886670.1	87.500	16	2	0	81	128	1432	1447	4.97e-11	32.0
Sample:REF,Pos:40170	WP_113886670.1	88.000	25	3	0	2	76	1327	1351	6.88e-11	43.5
Sample:REF,Pos:40170	WP_113886670.1	93.750	16	1	0	81	128	1348	1363	6.88e-11	33.5
Sample:REF,Pos:40170	WP_113886670.1	88.000	25	3	0	2	76	1399	1423	1.38e-10	44.3
Sample:REF,Pos:40170	WP_113886670.1	87.500	16	2	0	81	128	1444	1459	1.38e-10	32.0
Sample:REF,Pos:40170	WP_113886670.1	88.000	25	3	0	2	76	1363	1387	1.69e-10	43.9
Sample:REF,Pos:40170	WP_113886670.1	87.500	16	2	0	81	128	1402	1417	1.69e-10	32.0
Sample:REF,Pos:40170	WP_113886670.1	84.000	25	4	0	2	76	1375	1399	4.53e-10	42.4
Sample:REF,Pos:40170	WP_113886670.1	87.500	16	2	0	81	128	1414	1429	4.53e-10	32.0
Sample:REF,Pos:40170	WP_113886670.1	92.000	25	2	0	2	76	1435	1459	7.42e-10	45.4
Sample:REF,Pos:40170	WP_113886670.1	85.714	14	2	0	81	122	1456	1469	7.42e-10	28.1
Sample:REF,Pos:40170	WP_113886670.1	84.000	25	4	0	2	76	1345	1369	8.45e-10	42.7
Sample:REF,Pos:40170	WP_113886670.1	87.500	16	2	0	81	128	1378	1393	8.45e-10	30.8
Sample:REF,Pos:40170	WP_113886670.1	80.000	25	5	0	2	76	1321	1345	5.86e-09	38.5
Sample:REF,Pos:40170	WP_113886670.1	87.500	16	2	0	81	128	1342	1357	5.86e-09	32.0
Sample:REF,Pos:40170	WP_113886670.1	92.000	25	2	0	2	76	1441	1465	8.86e-09	45.4
Sample:REF,Pos:40170	WP_113886670.1	88.000	25	3	0	2	76	1417	1441	3.05e-08	44.3
Sample:REF,Pos:40170	WP_113886670.1	88.000	25	3	0	2	76	1429	1453	3.05e-08	44.3
Sample:REF,Pos:40170	WP_113886670.1	84.000	25	4	0	2	76	1381	1405	1.29e-07	42.4
Sample:REF,Pos:40170	WP_113886670.1	91.304	23	2	0	2	70	1447	1469	1.47e-07	42.4
Sample:REF,Pos:40170	WP_113886670.1	100.000	16	0	0	81	128	1336	1351	5.48e-05	35.0
Sample:REF,Pos:40170	WP_113886670.1	87.500	16	2	0	81	128	1330	1345	5.41e-04	32.0
Sample:REF,Pos:40170	WP_113886670.1	87.500	16	2	0	81	128	1360	1375	5.41e-04	32.0
Sample:REF,Pos:40170	WP_113886670.1	87.500	16	2	0	81	128	1384	1399	0.001	30.8
Sample:REF,Pos:40170	WP_113886670.1	86.667	15	2	0	84	128	1325	1339	0.003	30.0
Sample:REF,Pos:40170	WP_113886670.1	81.250	16	3	0	81	128	1372	1387	0.005	29.6
Sample:REF,Pos:40170	WP_113886670.1	34.211	38	25	0	2	115	1459	1496	4.3	21.2
Sample:REF,Pos:40170	WP_086874545.1	100.000	24	0	0	129	200	18	41	1.32e-12	56.2
Sample:REF,Pos:40170	WP_012845920.1	66.667	15	3	1	122	78	200	212	1.9	22.3
Sample:REF,Pos:40170	WP_014567855.1	34.783	23	15	0	155	87	37	59	4.4	21.2
Sample:REF,Pos:40170	WP_011161820.1	26.316	19	14	0	126	182	312	330	4.7	21.2
Sample:REF,Pos:40170	WP_004897026.1	33.333	24	16	0	20	91	327	350	7.8	20.4
Sample:REF,Pos:40170	WP_003647012.1	63.636	11	4	0	61	29	7	17	8.7	20.4
Sample:REF,Pos:40170	WP_113886592.1	80.000	10	2	0	76	47	91	100	9.1	20.4
Sample:REF,Pos:40170	WP_086875095.1	43.333	30	11	2	158	69	223	246	9.5	20.0
# BLAST processed 1 queries
