# BLASTX 2.4.0+
# Query: Sample:REF,Pos:40124 <unknown description>
# Database: User specified sequence set (Input: lactobacillus_johnsonii_protein.faa)
# Fields: query id, subject id, % identity, alignment length, mismatches, gap opens, q. start, q. end, s. start, s. end, evalue, bit score
# 45 hits found
Sample:REF,Pos:40124	WP_113886670.1	100.000	40	0	0	3	122	1378	1417	7.36e-20	73.9
Sample:REF,Pos:40124	WP_113886670.1	100.000	16	0	0	127	174	1420	1435	7.36e-20	33.9
Sample:REF,Pos:40124	WP_113886670.1	95.000	40	2	0	3	122	1408	1447	3.84e-18	68.2
Sample:REF,Pos:40124	WP_113886670.1	100.000	16	0	0	127	174	1450	1465	3.84e-18	33.9
Sample:REF,Pos:40124	WP_113886670.1	92.500	40	3	0	3	122	1336	1375	1.23e-17	66.2
Sample:REF,Pos:40124	WP_113886670.1	100.000	16	0	0	127	174	1390	1405	1.23e-17	33.9
Sample:REF,Pos:40124	WP_113886670.1	90.000	40	4	0	3	122	1342	1381	3.17e-17	65.1
Sample:REF,Pos:40124	WP_113886670.1	100.000	16	0	0	127	174	1408	1423	3.17e-17	33.9
Sample:REF,Pos:40124	WP_113886670.1	87.500	40	5	0	3	122	1396	1435	8.17e-17	63.5
Sample:REF,Pos:40124	WP_113886670.1	100.000	16	0	0	127	174	1438	1453	8.17e-17	33.9
Sample:REF,Pos:40124	WP_113886670.1	90.000	40	4	0	3	122	1348	1387	1.00e-16	64.7
Sample:REF,Pos:40124	WP_113886670.1	90.000	40	4	0	3	122	1354	1393	1.00e-16	64.7
Sample:REF,Pos:40124	WP_113886670.1	93.750	16	1	0	127	174	1396	1411	1.00e-16	32.3
Sample:REF,Pos:40124	WP_113886670.1	93.750	16	1	0	127	174	1426	1441	1.00e-16	32.3
Sample:REF,Pos:40124	WP_113886670.1	85.000	40	6	0	3	122	1330	1369	2.61e-16	62.0
Sample:REF,Pos:40124	WP_113886670.1	100.000	16	0	0	127	174	1366	1381	2.61e-16	33.9
Sample:REF,Pos:40124	WP_113886670.1	87.500	40	5	0	3	122	1402	1441	5.53e-16	63.5
Sample:REF,Pos:40124	WP_113886670.1	87.500	16	2	0	127	174	1444	1459	5.53e-16	31.2
Sample:REF,Pos:40124	WP_113886670.1	87.500	40	5	0	3	122	1372	1411	7.12e-16	63.2
Sample:REF,Pos:40124	WP_113886670.1	87.500	16	2	0	127	174	1414	1429	7.12e-16	31.2
Sample:REF,Pos:40124	WP_113886670.1	90.000	40	4	0	3	122	1420	1459	1.26e-15	65.1
Sample:REF,Pos:40124	WP_113886670.1	85.000	40	6	0	3	122	1360	1399	2.27e-15	61.6
Sample:REF,Pos:40124	WP_113886670.1	85.000	40	6	0	3	122	1366	1405	2.27e-15	61.6
Sample:REF,Pos:40124	WP_113886670.1	87.500	16	2	0	127	174	1402	1417	2.27e-15	31.2
Sample:REF,Pos:40124	WP_113886670.1	87.500	16	2	0	127	174	1432	1447	2.27e-15	31.2
Sample:REF,Pos:40124	WP_113886670.1	87.179	39	5	0	6	122	1325	1363	2.46e-15	61.2
Sample:REF,Pos:40124	WP_113886670.1	87.500	16	2	0	127	174	1360	1375	2.46e-15	31.2
Sample:REF,Pos:40124	WP_113886670.1	87.500	40	5	0	3	122	1414	1453	3.92e-15	63.5
Sample:REF,Pos:40124	WP_113886670.1	87.500	40	5	0	3	122	1426	1465	3.92e-15	63.5
Sample:REF,Pos:40124	WP_113886670.1	89.474	38	4	0	3	116	1432	1469	2.04e-14	61.6
Sample:REF,Pos:40124	WP_113886670.1	100.000	16	0	0	127	174	1336	1351	1.40e-04	33.9
Sample:REF,Pos:40124	WP_113886670.1	100.000	16	0	0	127	174	1354	1369	1.40e-04	33.9
Sample:REF,Pos:40124	WP_113886670.1	93.750	16	1	0	127	174	1348	1363	4.76e-04	32.3
Sample:REF,Pos:40124	WP_113886670.1	87.500	16	2	0	127	174	1330	1345	0.001	31.2
Sample:REF,Pos:40124	WP_113886670.1	87.500	16	2	0	127	174	1342	1357	0.001	31.2
Sample:REF,Pos:40124	WP_113886670.1	87.500	16	2	0	127	174	1378	1393	0.003	30.0
Sample:REF,Pos:40124	WP_113886670.1	87.500	16	2	0	127	174	1384	1399	0.003	30.0
Sample:REF,Pos:40124	WP_113886670.1	86.667	15	2	0	130	174	1325	1339	0.007	29.3
Sample:REF,Pos:40124	WP_113886670.1	81.250	16	3	0	127	174	1372	1387	0.009	28.9
Sample:REF,Pos:40124	WP_113886670.1	85.714	14	2	0	127	168	1456	1469	0.031	27.3
Sample:REF,Pos:40124	WP_086874545.1	100.000	9	0	0	175	201	18	26	0.23	24.6
Sample:REF,Pos:40124	WP_014567855.1	34.783	23	15	0	201	133	37	59	2.4	21.9
Sample:REF,Pos:40124	WP_113886592.1	80.000	10	2	0	122	93	91	100	3.8	21.2
Sample:REF,Pos:40124	WP_012845920.1	62.500	16	4	1	171	124	199	212	5.5	20.8
Sample:REF,Pos:40124	WP_004897026.1	33.333	24	16	0	66	137	327	350	5.6	20.8
# BLAST processed 1 queries
