# BLASTX 2.4.0+
# Query: Sample:P3,Pos:40158 <unknown description>
# Database: User specified sequence set (Input: lactobacillus_johnsonii_protein.faa)
# Fields: query id, subject id, % identity, alignment length, mismatches, gap opens, q. start, q. end, s. start, s. end, evalue, bit score
# 52 hits found
Sample:P3,Pos:40158	WP_113886670.1	100.000	29	0	0	2	88	1389	1417	1.80e-14	54.7
Sample:P3,Pos:40158	WP_113886670.1	100.000	29	0	0	2	88	1419	1447	1.80e-14	54.7
Sample:P3,Pos:40158	WP_113886670.1	100.000	16	0	0	93	140	1420	1435	1.80e-14	34.7
Sample:P3,Pos:40158	WP_113886670.1	100.000	16	0	0	93	140	1450	1465	1.80e-14	34.7
Sample:P3,Pos:40158	WP_113886670.1	96.552	29	1	0	2	88	1335	1363	4.94e-14	53.1
Sample:P3,Pos:40158	WP_113886670.1	96.552	29	1	0	2	88	1347	1375	4.94e-14	53.1
Sample:P3,Pos:40158	WP_113886670.1	100.000	16	0	0	93	140	1366	1381	4.94e-14	34.7
Sample:P3,Pos:40158	WP_113886670.1	100.000	16	0	0	93	140	1390	1405	4.94e-14	34.7
Sample:P3,Pos:40158	WP_113886670.1	93.103	29	2	0	2	88	1329	1357	1.41e-13	51.6
Sample:P3,Pos:40158	WP_113886670.1	93.103	29	2	0	2	88	1353	1381	1.41e-13	51.6
Sample:P3,Pos:40158	WP_113886670.1	93.103	29	2	0	2	88	1401	1429	1.41e-13	51.6
Sample:P3,Pos:40158	WP_113886670.1	100.000	16	0	0	93	140	1354	1369	1.41e-13	34.7
Sample:P3,Pos:40158	WP_113886670.1	100.000	16	0	0	93	140	1408	1423	1.41e-13	34.7
Sample:P3,Pos:40158	WP_113886670.1	100.000	16	0	0	93	140	1438	1453	1.41e-13	34.7
Sample:P3,Pos:40158	WP_113886670.1	93.103	29	2	0	2	88	1365	1393	3.94e-13	51.6
Sample:P3,Pos:40158	WP_113886670.1	93.750	16	1	0	93	140	1396	1411	3.94e-13	33.5
Sample:P3,Pos:40158	WP_113886670.1	93.103	29	2	0	2	88	1407	1435	9.24e-13	51.6
Sample:P3,Pos:40158	WP_113886670.1	87.500	16	2	0	93	140	1432	1447	9.24e-13	32.0
Sample:P3,Pos:40158	WP_113886670.1	89.655	29	3	0	2	88	1395	1423	1.04e-12	50.1
Sample:P3,Pos:40158	WP_113886670.1	93.750	16	1	0	93	140	1426	1441	1.04e-12	33.5
Sample:P3,Pos:40158	WP_113886670.1	89.655	29	3	0	2	88	1413	1441	2.64e-12	50.1
Sample:P3,Pos:40158	WP_113886670.1	87.500	16	2	0	93	140	1444	1459	2.64e-12	32.0
Sample:P3,Pos:40158	WP_113886670.1	89.655	29	3	0	2	88	1359	1387	2.86e-12	50.1
Sample:P3,Pos:40158	WP_113886670.1	89.655	29	3	0	2	88	1383	1411	2.86e-12	50.1
Sample:P3,Pos:40158	WP_113886670.1	87.500	16	2	0	93	140	1402	1417	2.86e-12	32.0
Sample:P3,Pos:40158	WP_113886670.1	87.500	16	2	0	93	140	1414	1429	2.86e-12	32.0
Sample:P3,Pos:40158	WP_113886670.1	93.103	29	2	0	2	88	1431	1459	1.31e-11	51.6
Sample:P3,Pos:40158	WP_113886670.1	85.714	14	2	0	93	134	1456	1469	1.31e-11	28.1
Sample:P3,Pos:40158	WP_113886670.1	86.207	29	4	0	2	88	1341	1369	1.55e-11	48.5
Sample:P3,Pos:40158	WP_113886670.1	87.500	16	2	0	93	140	1378	1393	1.55e-11	30.8
Sample:P3,Pos:40158	WP_113886670.1	85.185	27	4	0	8	88	1325	1351	3.71e-11	45.1
Sample:P3,Pos:40158	WP_113886670.1	93.750	16	1	0	93	140	1348	1363	3.71e-11	33.5
Sample:P3,Pos:40158	WP_113886670.1	93.103	29	2	0	2	88	1437	1465	6.04e-11	51.6
Sample:P3,Pos:40158	WP_113886670.1	89.655	29	3	0	2	88	1425	1453	2.14e-10	50.1
Sample:P3,Pos:40158	WP_113886670.1	86.207	29	4	0	2	88	1371	1399	7.94e-10	48.5
Sample:P3,Pos:40158	WP_113886670.1	86.207	29	4	0	2	88	1377	1405	7.94e-10	48.5
Sample:P3,Pos:40158	WP_113886670.1	92.593	27	2	0	2	82	1443	1469	9.56e-10	48.5
Sample:P3,Pos:40158	WP_113886670.1	80.000	25	5	0	14	88	1321	1345	9.51e-09	38.1
Sample:P3,Pos:40158	WP_113886670.1	87.500	16	2	0	93	140	1342	1357	9.51e-09	32.0
Sample:P3,Pos:40158	WP_113886670.1	100.000	16	0	0	93	140	1336	1351	6.61e-05	34.7
Sample:P3,Pos:40158	WP_113886670.1	87.500	16	2	0	93	140	1330	1345	6.46e-04	32.0
Sample:P3,Pos:40158	WP_113886670.1	87.500	16	2	0	93	140	1360	1375	6.46e-04	32.0
Sample:P3,Pos:40158	WP_113886670.1	87.500	16	2	0	93	140	1384	1399	0.002	30.8
Sample:P3,Pos:40158	WP_113886670.1	86.667	15	2	0	96	140	1325	1339	0.004	30.0
Sample:P3,Pos:40158	WP_113886670.1	81.250	16	3	0	93	140	1372	1387	0.005	29.3
Sample:P3,Pos:40158	WP_086874545.1	95.000	20	1	0	141	200	18	37	6.80e-09	45.8
Sample:P3,Pos:40158	WP_113886625.1	36.842	38	20	1	32	145	518	551	2.0	21.9
Sample:P3,Pos:40158	WP_011161934.1	29.630	27	19	0	85	5	204	230	2.9	21.6
Sample:P3,Pos:40158	WP_011161820.1	26.316	19	14	0	138	194	312	330	5.5	20.8
Sample:P3,Pos:40158	WP_086874599.1	100.000	7	0	0	119	99	332	338	5.8	20.8
Sample:P3,Pos:40158	WP_113886592.1	80.000	10	2	0	88	59	91	100	8.0	20.4
Sample:P3,Pos:40158	WP_003647012.1	63.636	11	4	0	73	41	7	17	8.1	20.4
# BLAST processed 1 queries
