# BLASTX 2.4.0+
# Query: Sample:P3,Pos:40124 <unknown description>
# Database: User specified sequence set (Input: lactobacillus_johnsonii_protein.faa)
# Fields: query id, subject id, % identity, alignment length, mismatches, gap opens, q. start, q. end, s. start, s. end, evalue, bit score
# 46 hits found
Sample:P3,Pos:40124	WP_113886670.1	97.500	40	1	0	3	122	1408	1447	3.06e-19	72.0
Sample:P3,Pos:40124	WP_113886670.1	100.000	16	0	0	127	174	1450	1465	3.06e-19	33.9
Sample:P3,Pos:40124	WP_113886670.1	97.500	40	1	0	3	122	1378	1417	3.43e-19	71.6
Sample:P3,Pos:40124	WP_113886670.1	100.000	16	0	0	127	174	1420	1435	3.43e-19	33.9
Sample:P3,Pos:40124	WP_113886670.1	95.000	40	2	0	3	122	1336	1375	9.95e-19	70.1
Sample:P3,Pos:40124	WP_113886670.1	100.000	16	0	0	127	174	1390	1405	9.95e-19	33.9
Sample:P3,Pos:40124	WP_113886670.1	92.500	40	3	0	3	122	1342	1381	2.61e-18	68.6
Sample:P3,Pos:40124	WP_113886670.1	92.500	40	3	0	3	122	1390	1429	2.61e-18	68.6
Sample:P3,Pos:40124	WP_113886670.1	100.000	16	0	0	127	174	1408	1423	2.61e-18	33.9
Sample:P3,Pos:40124	WP_113886670.1	100.000	16	0	0	127	174	1438	1453	2.61e-18	33.9
Sample:P3,Pos:40124	WP_113886670.1	92.500	40	3	0	3	122	1348	1387	7.21e-18	68.6
Sample:P3,Pos:40124	WP_113886670.1	92.500	40	3	0	3	122	1354	1393	7.21e-18	68.6
Sample:P3,Pos:40124	WP_113886670.1	93.750	16	1	0	127	174	1396	1411	7.21e-18	32.3
Sample:P3,Pos:40124	WP_113886670.1	93.750	16	1	0	127	174	1426	1441	7.21e-18	32.3
Sample:P3,Pos:40124	WP_113886670.1	87.500	40	5	0	3	122	1330	1369	2.23e-17	65.5
Sample:P3,Pos:40124	WP_113886670.1	100.000	16	0	0	127	174	1366	1381	2.23e-17	33.9
Sample:P3,Pos:40124	WP_113886670.1	90.000	40	4	0	3	122	1396	1435	4.65e-17	67.4
Sample:P3,Pos:40124	WP_113886670.1	90.000	40	4	0	3	122	1402	1441	4.65e-17	67.4
Sample:P3,Pos:40124	WP_113886670.1	87.500	16	2	0	127	174	1432	1447	4.65e-17	31.2
Sample:P3,Pos:40124	WP_113886670.1	87.500	16	2	0	127	174	1444	1459	4.65e-17	31.2
Sample:P3,Pos:40124	WP_113886670.1	90.000	40	4	0	3	122	1372	1411	5.21e-17	67.0
Sample:P3,Pos:40124	WP_113886670.1	87.500	16	2	0	127	174	1414	1429	5.21e-17	31.2
Sample:P3,Pos:40124	WP_113886670.1	92.500	40	3	0	3	122	1420	1459	6.43e-17	68.6
Sample:P3,Pos:40124	WP_113886670.1	87.500	40	5	0	3	122	1360	1399	1.69e-16	65.5
Sample:P3,Pos:40124	WP_113886670.1	87.500	16	2	0	127	174	1402	1417	1.69e-16	31.2
Sample:P3,Pos:40124	WP_113886670.1	90.000	40	4	0	3	122	1414	1453	2.04e-16	67.4
Sample:P3,Pos:40124	WP_113886670.1	90.000	40	4	0	3	122	1426	1465	2.04e-16	67.4
Sample:P3,Pos:40124	WP_113886670.1	89.744	39	4	0	6	122	1325	1363	2.09e-16	65.1
Sample:P3,Pos:40124	WP_113886670.1	87.500	16	2	0	127	174	1360	1375	2.09e-16	31.2
Sample:P3,Pos:40124	WP_113886670.1	90.000	40	4	0	3	122	1384	1423	2.33e-16	67.0
Sample:P3,Pos:40124	WP_113886670.1	87.500	40	5	0	3	122	1366	1405	9.52e-16	65.5
Sample:P3,Pos:40124	WP_113886670.1	92.105	38	3	0	3	116	1432	1469	9.80e-16	65.5
Sample:P3,Pos:40124	WP_113886670.1	81.081	37	7	0	12	122	1321	1357	2.02e-14	55.5
Sample:P3,Pos:40124	WP_113886670.1	100.000	16	0	0	127	174	1354	1369	2.02e-14	33.9
Sample:P3,Pos:40124	WP_113886670.1	100.000	16	0	0	127	174	1336	1351	1.40e-04	33.9
Sample:P3,Pos:40124	WP_113886670.1	93.750	16	1	0	127	174	1348	1363	4.76e-04	32.3
Sample:P3,Pos:40124	WP_113886670.1	87.500	16	2	0	127	174	1330	1345	0.001	31.2
Sample:P3,Pos:40124	WP_113886670.1	87.500	16	2	0	127	174	1342	1357	0.001	31.2
Sample:P3,Pos:40124	WP_113886670.1	87.500	16	2	0	127	174	1378	1393	0.003	30.0
Sample:P3,Pos:40124	WP_113886670.1	87.500	16	2	0	127	174	1384	1399	0.003	30.0
Sample:P3,Pos:40124	WP_113886670.1	86.667	15	2	0	130	174	1325	1339	0.007	29.3
Sample:P3,Pos:40124	WP_113886670.1	81.250	16	3	0	127	174	1372	1387	0.009	28.9
Sample:P3,Pos:40124	WP_113886670.1	85.714	14	2	0	127	168	1456	1469	0.031	27.3
Sample:P3,Pos:40124	WP_086874545.1	100.000	9	0	0	175	201	18	26	0.23	24.6
Sample:P3,Pos:40124	WP_086874599.1	100.000	7	0	0	153	133	332	338	5.9	20.8
Sample:P3,Pos:40124	WP_011161934.1	29.630	27	19	0	119	39	204	230	6.0	20.8
# BLAST processed 1 queries
