# BLASTX 2.4.0+
# Query: Sample:P3,Pos:40118 <unknown description>
# Database: User specified sequence set (Input: lactobacillus_johnsonii_protein.faa)
# Fields: query id, subject id, % identity, alignment length, mismatches, gap opens, q. start, q. end, s. start, s. end, evalue, bit score
# 46 hits found
Sample:P3,Pos:40118	WP_113886670.1	97.619	42	1	0	3	128	1406	1447	2.30e-20	75.5
Sample:P3,Pos:40118	WP_113886670.1	100.000	16	0	0	133	180	1450	1465	2.30e-20	34.3
Sample:P3,Pos:40118	WP_113886670.1	97.619	42	1	0	3	128	1376	1417	2.32e-20	75.5
Sample:P3,Pos:40118	WP_113886670.1	100.000	16	0	0	133	180	1420	1435	2.32e-20	34.3
Sample:P3,Pos:40118	WP_113886670.1	95.238	42	2	0	3	128	1334	1375	7.06e-20	73.6
Sample:P3,Pos:40118	WP_113886670.1	100.000	16	0	0	133	180	1390	1405	7.06e-20	34.3
Sample:P3,Pos:40118	WP_113886670.1	92.857	42	3	0	3	128	1346	1387	2.02e-19	72.0
Sample:P3,Pos:40118	WP_113886670.1	100.000	16	0	0	133	180	1408	1423	2.02e-19	34.3
Sample:P3,Pos:40118	WP_113886670.1	90.476	42	4	0	3	128	1400	1441	5.66e-19	70.5
Sample:P3,Pos:40118	WP_113886670.1	100.000	16	0	0	133	180	1438	1453	5.66e-19	34.3
Sample:P3,Pos:40118	WP_113886670.1	90.476	42	4	0	3	128	1340	1381	1.50e-18	70.5
Sample:P3,Pos:40118	WP_113886670.1	90.476	42	4	0	3	128	1388	1429	1.50e-18	70.5
Sample:P3,Pos:40118	WP_113886670.1	93.750	16	1	0	133	180	1396	1411	1.50e-18	32.7
Sample:P3,Pos:40118	WP_113886670.1	93.750	16	1	0	133	180	1426	1441	1.50e-18	32.7
Sample:P3,Pos:40118	WP_113886670.1	92.857	42	3	0	3	128	1418	1459	3.84e-18	72.0
Sample:P3,Pos:40118	WP_113886670.1	90.476	42	4	0	3	128	1352	1393	4.20e-18	70.5
Sample:P3,Pos:40118	WP_113886670.1	87.500	16	2	0	133	180	1402	1417	4.20e-18	31.2
Sample:P3,Pos:40118	WP_113886670.1	87.805	41	5	0	6	128	1329	1369	7.03e-18	67.0
Sample:P3,Pos:40118	WP_113886670.1	100.000	16	0	0	133	180	1366	1381	7.03e-18	34.3
Sample:P3,Pos:40118	WP_113886670.1	88.095	42	5	0	3	128	1394	1435	1.18e-17	68.9
Sample:P3,Pos:40118	WP_113886670.1	87.500	16	2	0	133	180	1432	1447	1.18e-17	31.2
Sample:P3,Pos:40118	WP_113886670.1	88.095	42	5	0	3	128	1364	1405	1.19e-17	68.9
Sample:P3,Pos:40118	WP_113886670.1	88.095	42	5	0	3	128	1370	1411	1.19e-17	68.9
Sample:P3,Pos:40118	WP_113886670.1	87.500	16	2	0	133	180	1414	1429	1.19e-17	31.2
Sample:P3,Pos:40118	WP_113886670.1	87.500	16	2	0	133	180	1444	1459	1.19e-17	31.2
Sample:P3,Pos:40118	WP_113886670.1	88.095	42	5	0	3	128	1412	1453	5.04e-17	68.9
Sample:P3,Pos:40118	WP_113886670.1	88.095	42	5	0	3	128	1424	1465	5.04e-17	68.9
Sample:P3,Pos:40118	WP_113886670.1	88.095	42	5	0	3	128	1382	1423	5.09e-17	68.9
Sample:P3,Pos:40118	WP_113886670.1	92.500	40	3	0	3	122	1430	1469	5.78e-17	68.9
Sample:P3,Pos:40118	WP_113886670.1	85.714	42	6	0	3	128	1358	1399	1.94e-16	67.4
Sample:P3,Pos:40118	WP_113886670.1	89.744	39	4	0	12	128	1325	1363	2.07e-16	64.7
Sample:P3,Pos:40118	WP_113886670.1	87.500	16	2	0	133	180	1360	1375	2.07e-16	31.2
Sample:P3,Pos:40118	WP_113886670.1	81.081	37	7	0	18	128	1321	1357	1.90e-14	55.5
Sample:P3,Pos:40118	WP_113886670.1	100.000	16	0	0	133	180	1354	1369	1.90e-14	34.3
Sample:P3,Pos:40118	WP_113886670.1	100.000	16	0	0	133	180	1336	1351	1.09e-04	34.3
Sample:P3,Pos:40118	WP_113886670.1	93.750	16	1	0	133	180	1348	1363	3.75e-04	32.7
Sample:P3,Pos:40118	WP_113886670.1	87.500	16	2	0	133	180	1330	1345	0.001	31.2
Sample:P3,Pos:40118	WP_113886670.1	87.500	16	2	0	133	180	1342	1357	0.001	31.2
Sample:P3,Pos:40118	WP_113886670.1	87.500	16	2	0	133	180	1378	1393	0.003	30.4
Sample:P3,Pos:40118	WP_113886670.1	87.500	16	2	0	133	180	1384	1399	0.003	30.4
Sample:P3,Pos:40118	WP_113886670.1	86.667	15	2	0	136	180	1325	1339	0.005	29.3
Sample:P3,Pos:40118	WP_113886670.1	81.250	16	3	0	133	180	1372	1387	0.008	28.9
Sample:P3,Pos:40118	WP_113886670.1	85.714	14	2	0	133	174	1456	1469	0.026	27.3
Sample:P3,Pos:40118	WP_011161934.1	29.630	27	19	0	125	45	204	230	5.3	20.8
Sample:P3,Pos:40118	WP_086874599.1	100.000	7	0	0	159	139	332	338	6.7	20.8
Sample:P3,Pos:40118	WP_086874545.1	100.000	7	0	0	181	201	18	24	9.3	20.4
# BLAST processed 1 queries
