# BLASTX 2.4.0+
# Query: Sample:P3,Pos:40173 <unknown description>
# Database: User specified sequence set (Input: lactobacillus_johnsonii_protein.faa)
# Fields: query id, subject id, % identity, alignment length, mismatches, gap opens, q. start, q. end, s. start, s. end, evalue, bit score
# 54 hits found
Sample:P3,Pos:40173	WP_086874545.1	96.000	25	1	0	126	200	18	42	1.85e-12	55.8
Sample:P3,Pos:40173	WP_113886670.1	100.000	24	0	0	2	73	1394	1417	4.16e-12	47.0
Sample:P3,Pos:40173	WP_113886670.1	100.000	24	0	0	2	73	1424	1447	4.16e-12	47.0
Sample:P3,Pos:40173	WP_113886670.1	100.000	16	0	0	78	125	1420	1435	4.16e-12	34.7
Sample:P3,Pos:40173	WP_113886670.1	100.000	16	0	0	78	125	1450	1465	4.16e-12	34.7
Sample:P3,Pos:40173	WP_113886670.1	95.833	24	1	0	2	73	1340	1363	1.12e-11	45.4
Sample:P3,Pos:40173	WP_113886670.1	95.833	24	1	0	2	73	1352	1375	1.12e-11	45.4
Sample:P3,Pos:40173	WP_113886670.1	100.000	16	0	0	78	125	1366	1381	1.12e-11	34.7
Sample:P3,Pos:40173	WP_113886670.1	100.000	16	0	0	78	125	1390	1405	1.12e-11	34.7
Sample:P3,Pos:40173	WP_113886670.1	91.667	24	2	0	2	73	1334	1357	3.11e-11	43.9
Sample:P3,Pos:40173	WP_113886670.1	91.667	24	2	0	2	73	1358	1381	3.11e-11	43.9
Sample:P3,Pos:40173	WP_113886670.1	91.667	24	2	0	2	73	1388	1411	3.11e-11	43.9
Sample:P3,Pos:40173	WP_113886670.1	100.000	16	0	0	78	125	1354	1369	3.11e-11	34.7
Sample:P3,Pos:40173	WP_113886670.1	100.000	16	0	0	78	125	1408	1423	3.11e-11	34.7
Sample:P3,Pos:40173	WP_113886670.1	100.000	16	0	0	78	125	1438	1453	3.11e-11	34.7
Sample:P3,Pos:40173	WP_113886670.1	91.667	24	2	0	2	73	1406	1429	8.49e-11	43.9
Sample:P3,Pos:40173	WP_113886670.1	93.750	16	1	0	78	125	1426	1441	8.49e-11	33.1
Sample:P3,Pos:40173	WP_113886670.1	91.667	24	2	0	2	73	1370	1393	1.02e-10	43.9
Sample:P3,Pos:40173	WP_113886670.1	93.750	16	1	0	78	125	1396	1411	1.02e-10	33.1
Sample:P3,Pos:40173	WP_113886670.1	91.667	24	2	0	2	73	1412	1435	2.05e-10	43.9
Sample:P3,Pos:40173	WP_113886670.1	87.500	16	2	0	78	125	1432	1447	2.05e-10	31.6
Sample:P3,Pos:40173	WP_113886670.1	87.500	24	3	0	2	73	1328	1351	2.77e-10	42.0
Sample:P3,Pos:40173	WP_113886670.1	93.750	16	1	0	78	125	1348	1363	2.77e-10	33.1
Sample:P3,Pos:40173	WP_113886670.1	87.500	24	3	0	2	73	1400	1423	5.69e-10	42.4
Sample:P3,Pos:40173	WP_113886670.1	87.500	16	2	0	78	125	1444	1459	5.69e-10	31.6
Sample:P3,Pos:40173	WP_113886670.1	87.500	24	3	0	2	73	1364	1387	6.85e-10	42.4
Sample:P3,Pos:40173	WP_113886670.1	87.500	16	2	0	78	125	1402	1417	6.85e-10	31.6
Sample:P3,Pos:40173	WP_113886670.1	83.333	24	4	0	2	73	1376	1399	1.83e-09	40.8
Sample:P3,Pos:40173	WP_113886670.1	87.500	16	2	0	78	125	1414	1429	1.83e-09	31.6
Sample:P3,Pos:40173	WP_113886670.1	91.667	24	2	0	2	73	1436	1459	2.86e-09	43.9
Sample:P3,Pos:40173	WP_113886670.1	85.714	14	2	0	78	119	1456	1469	2.86e-09	27.7
Sample:P3,Pos:40173	WP_113886670.1	83.333	24	4	0	2	73	1346	1369	3.00e-09	41.2
Sample:P3,Pos:40173	WP_113886670.1	87.500	16	2	0	78	125	1378	1393	3.00e-09	30.8
Sample:P3,Pos:40173	WP_113886670.1	90.476	21	2	0	11	73	1325	1345	1.23e-08	37.7
Sample:P3,Pos:40173	WP_113886670.1	87.500	16	2	0	78	125	1342	1357	1.23e-08	31.6
Sample:P3,Pos:40173	WP_113886670.1	91.667	24	2	0	2	73	1442	1465	3.33e-08	43.9
Sample:P3,Pos:40173	WP_113886670.1	87.500	24	3	0	2	73	1418	1441	1.15e-07	42.4
Sample:P3,Pos:40173	WP_113886670.1	87.500	24	3	0	2	73	1430	1453	1.15e-07	42.4
Sample:P3,Pos:40173	WP_113886670.1	83.333	24	4	0	2	73	1382	1405	4.77e-07	40.8
Sample:P3,Pos:40173	WP_113886670.1	90.909	22	2	0	2	67	1448	1469	5.69e-07	40.4
Sample:P3,Pos:40173	WP_113886670.1	100.000	16	0	0	78	125	1336	1351	4.33e-06	34.7
Sample:P3,Pos:40173	WP_113886670.1	68.421	19	6	0	17	73	1321	1339	4.33e-06	26.2
Sample:P3,Pos:40173	WP_113886670.1	87.500	16	2	0	78	125	1330	1345	8.03e-04	31.6
Sample:P3,Pos:40173	WP_113886670.1	87.500	16	2	0	78	125	1360	1375	8.03e-04	31.6
Sample:P3,Pos:40173	WP_113886670.1	87.500	16	2	0	78	125	1384	1399	0.002	30.8
Sample:P3,Pos:40173	WP_113886670.1	86.667	15	2	0	81	125	1325	1339	0.005	29.6
Sample:P3,Pos:40173	WP_113886670.1	81.250	16	3	0	78	125	1372	1387	0.006	29.3
Sample:P3,Pos:40173	WP_113886625.1	36.842	38	20	1	17	130	518	551	2.5	21.9
Sample:P3,Pos:40173	WP_011161820.1	26.316	19	14	0	123	179	312	330	4.1	21.2
Sample:P3,Pos:40173	WP_086874599.1	100.000	7	0	0	104	84	332	338	5.7	20.8
Sample:P3,Pos:40173	WP_014567312.1	70.000	10	3	0	200	171	150	159	7.9	20.4
Sample:P3,Pos:40173	WP_086875124.1	38.889	18	11	0	135	188	138	155	8.0	20.4
Sample:P3,Pos:40173	WP_113886592.1	80.000	10	2	0	73	44	91	100	8.6	20.4
Sample:P3,Pos:40173	WP_003647012.1	63.636	11	4	0	58	26	7	17	8.9	20.4
# BLAST processed 1 queries
