# BLASTX 2.4.0+
# Query: Sample:P3,Pos:40155 <unknown description>
# Database: User specified sequence set (Input: lactobacillus_johnsonii_protein.faa)
# Fields: query id, subject id, % identity, alignment length, mismatches, gap opens, q. start, q. end, s. start, s. end, evalue, bit score
# 52 hits found
Sample:P3,Pos:40155	WP_113886670.1	100.000	30	0	0	2	91	1388	1417	4.43e-15	57.0
Sample:P3,Pos:40155	WP_113886670.1	100.000	16	0	0	96	143	1420	1435	4.43e-15	34.7
Sample:P3,Pos:40155	WP_113886670.1	96.667	30	1	0	2	91	1418	1447	1.18e-14	55.5
Sample:P3,Pos:40155	WP_113886670.1	100.000	16	0	0	96	143	1450	1465	1.18e-14	34.7
Sample:P3,Pos:40155	WP_113886670.1	93.333	30	2	0	2	91	1334	1363	3.48e-14	53.9
Sample:P3,Pos:40155	WP_113886670.1	93.333	30	2	0	2	91	1346	1375	3.48e-14	53.9
Sample:P3,Pos:40155	WP_113886670.1	93.333	30	2	0	2	91	1352	1381	3.48e-14	53.9
Sample:P3,Pos:40155	WP_113886670.1	100.000	16	0	0	96	143	1366	1381	3.48e-14	34.7
Sample:P3,Pos:40155	WP_113886670.1	100.000	16	0	0	96	143	1390	1405	3.48e-14	34.7
Sample:P3,Pos:40155	WP_113886670.1	100.000	16	0	0	96	143	1408	1423	3.48e-14	34.7
Sample:P3,Pos:40155	WP_113886670.1	90.000	30	3	0	2	91	1394	1423	9.25e-14	52.4
Sample:P3,Pos:40155	WP_113886670.1	100.000	16	0	0	96	143	1438	1453	9.25e-14	34.7
Sample:P3,Pos:40155	WP_113886670.1	90.000	30	3	0	2	91	1328	1357	1.29e-13	52.0
Sample:P3,Pos:40155	WP_113886670.1	100.000	16	0	0	96	143	1354	1369	1.29e-13	34.7
Sample:P3,Pos:40155	WP_113886670.1	90.000	30	3	0	2	91	1400	1429	2.26e-13	52.4
Sample:P3,Pos:40155	WP_113886670.1	93.750	16	1	0	96	143	1426	1441	2.26e-13	33.5
Sample:P3,Pos:40155	WP_113886670.1	90.000	30	3	0	2	91	1358	1387	2.66e-13	52.0
Sample:P3,Pos:40155	WP_113886670.1	93.750	16	1	0	96	143	1396	1411	2.66e-13	33.5
Sample:P3,Pos:40155	WP_113886670.1	90.000	30	3	0	2	91	1406	1435	6.11e-13	52.4
Sample:P3,Pos:40155	WP_113886670.1	90.000	30	3	0	2	91	1412	1441	6.11e-13	52.4
Sample:P3,Pos:40155	WP_113886670.1	87.500	16	2	0	96	143	1432	1447	6.11e-13	32.0
Sample:P3,Pos:40155	WP_113886670.1	87.500	16	2	0	96	143	1444	1459	6.11e-13	32.0
Sample:P3,Pos:40155	WP_113886670.1	90.000	30	3	0	2	91	1364	1393	7.19e-13	52.0
Sample:P3,Pos:40155	WP_113886670.1	90.000	30	3	0	2	91	1382	1411	7.19e-13	52.0
Sample:P3,Pos:40155	WP_113886670.1	87.500	16	2	0	96	143	1402	1417	7.19e-13	32.0
Sample:P3,Pos:40155	WP_113886670.1	87.500	16	2	0	96	143	1414	1429	7.19e-13	32.0
Sample:P3,Pos:40155	WP_113886670.1	86.667	30	4	0	2	91	1340	1369	3.99e-12	50.8
Sample:P3,Pos:40155	WP_113886670.1	87.500	16	2	0	96	143	1378	1393	3.99e-12	30.8
Sample:P3,Pos:40155	WP_113886670.1	90.000	30	3	0	2	91	1424	1453	8.49e-12	52.4
Sample:P3,Pos:40155	WP_113886670.1	85.714	14	2	0	96	137	1456	1469	8.49e-12	28.1
Sample:P3,Pos:40155	WP_113886670.1	90.000	30	3	0	2	91	1430	1459	3.59e-11	52.4
Sample:P3,Pos:40155	WP_113886670.1	90.000	30	3	0	2	91	1436	1465	3.59e-11	52.4
Sample:P3,Pos:40155	WP_113886670.1	85.185	27	4	0	11	91	1325	1351	3.63e-11	45.1
Sample:P3,Pos:40155	WP_113886670.1	93.750	16	1	0	96	143	1348	1363	3.63e-11	33.1
Sample:P3,Pos:40155	WP_113886670.1	86.667	30	4	0	2	91	1370	1399	1.61e-10	50.4
Sample:P3,Pos:40155	WP_113886670.1	92.857	28	2	0	2	85	1442	1469	1.79e-10	50.4
Sample:P3,Pos:40155	WP_113886670.1	83.333	30	5	0	2	91	1376	1405	5.21e-10	49.3
Sample:P3,Pos:40155	WP_113886670.1	80.000	25	5	0	17	91	1321	1345	8.92e-09	38.1
Sample:P3,Pos:40155	WP_113886670.1	87.500	16	2	0	96	143	1342	1357	8.92e-09	32.0
Sample:P3,Pos:40155	WP_113886670.1	100.000	16	0	0	96	143	1336	1351	6.68e-05	34.7
Sample:P3,Pos:40155	WP_113886670.1	87.500	16	2	0	96	143	1330	1345	6.59e-04	32.0
Sample:P3,Pos:40155	WP_113886670.1	87.500	16	2	0	96	143	1360	1375	6.59e-04	32.0
Sample:P3,Pos:40155	WP_113886670.1	87.500	16	2	0	96	143	1384	1399	0.002	30.8
Sample:P3,Pos:40155	WP_113886670.1	86.667	15	2	0	99	143	1325	1339	0.003	30.0
Sample:P3,Pos:40155	WP_113886670.1	81.250	16	3	0	96	143	1372	1387	0.005	29.3
Sample:P3,Pos:40155	WP_086874545.1	94.737	19	1	0	144	200	18	36	3.52e-08	43.9
Sample:P3,Pos:40155	WP_113886625.1	36.842	38	20	1	35	148	518	551	2.1	21.9
Sample:P3,Pos:40155	WP_011161934.1	29.630	27	19	0	88	8	204	230	3.1	21.6
Sample:P3,Pos:40155	WP_086874599.1	100.000	7	0	0	122	102	332	338	5.0	21.2
Sample:P3,Pos:40155	WP_011161820.1	26.316	19	14	0	141	197	312	330	6.4	20.8
Sample:P3,Pos:40155	WP_113886592.1	80.000	10	2	0	91	62	91	100	7.8	20.4
Sample:P3,Pos:40155	WP_003647012.1	63.636	11	4	0	76	44	7	17	8.0	20.4
# BLAST processed 1 queries
