# BLASTX 2.4.0+
# Query: Sample:N3,Pos:40137 <unknown description>
# Database: User specified sequence set (Input: lactobacillus_johnsonii_protein.faa)
# Fields: query id, subject id, % identity, alignment length, mismatches, gap opens, q. start, q. end, s. start, s. end, evalue, bit score
# 49 hits found
Sample:N3,Pos:40137	WP_113886670.1	97.222	36	1	0	2	109	1412	1447	4.99e-18	65.5
Sample:N3,Pos:40137	WP_113886670.1	100.000	17	0	0	111	161	1449	1465	4.99e-18	36.2
Sample:N3,Pos:40137	WP_113886670.1	97.222	36	1	0	2	109	1382	1417	5.73e-18	65.1
Sample:N3,Pos:40137	WP_113886670.1	100.000	17	0	0	111	161	1419	1435	5.73e-18	36.2
Sample:N3,Pos:40137	WP_113886670.1	94.444	36	2	0	2	109	1340	1375	1.59e-17	63.5
Sample:N3,Pos:40137	WP_113886670.1	100.000	17	0	0	111	161	1389	1405	1.59e-17	36.2
Sample:N3,Pos:40137	WP_113886670.1	91.667	36	3	0	2	109	1346	1381	4.15e-17	62.4
Sample:N3,Pos:40137	WP_113886670.1	91.667	36	3	0	2	109	1388	1423	4.15e-17	62.4
Sample:N3,Pos:40137	WP_113886670.1	100.000	17	0	0	111	161	1407	1423	4.15e-17	36.2
Sample:N3,Pos:40137	WP_113886670.1	100.000	17	0	0	111	161	1437	1453	4.15e-17	36.2
Sample:N3,Pos:40137	WP_113886670.1	91.667	36	3	0	2	109	1328	1363	6.04e-17	61.6
Sample:N3,Pos:40137	WP_113886670.1	100.000	17	0	0	111	161	1365	1381	6.04e-17	36.2
Sample:N3,Pos:40137	WP_113886670.1	91.667	36	3	0	2	109	1394	1429	1.04e-16	62.4
Sample:N3,Pos:40137	WP_113886670.1	94.118	17	1	0	111	161	1425	1441	1.04e-16	34.7
Sample:N3,Pos:40137	WP_113886670.1	91.667	36	3	0	2	109	1352	1387	1.20e-16	62.0
Sample:N3,Pos:40137	WP_113886670.1	94.118	17	1	0	111	161	1395	1411	1.20e-16	34.7
Sample:N3,Pos:40137	WP_113886670.1	91.667	36	3	0	2	109	1358	1393	3.30e-16	62.0
Sample:N3,Pos:40137	WP_113886670.1	88.235	17	2	0	111	161	1401	1417	3.30e-16	33.1
Sample:N3,Pos:40137	WP_113886670.1	88.889	36	4	0	2	109	1400	1435	7.47e-16	60.8
Sample:N3,Pos:40137	WP_113886670.1	88.889	36	4	0	2	109	1406	1441	7.47e-16	60.8
Sample:N3,Pos:40137	WP_113886670.1	88.235	17	2	0	111	161	1431	1447	7.47e-16	33.1
Sample:N3,Pos:40137	WP_113886670.1	88.235	17	2	0	111	161	1443	1459	7.47e-16	33.1
Sample:N3,Pos:40137	WP_113886670.1	88.889	36	4	0	2	109	1376	1411	8.59e-16	60.8
Sample:N3,Pos:40137	WP_113886670.1	88.235	17	2	0	111	161	1413	1429	8.59e-16	33.1
Sample:N3,Pos:40137	WP_113886670.1	91.667	36	3	0	2	109	1424	1459	3.70e-15	62.4
Sample:N3,Pos:40137	WP_113886670.1	86.667	15	2	0	111	155	1455	1469	3.70e-15	29.6
Sample:N3,Pos:40137	WP_113886670.1	86.111	36	5	0	2	109	1334	1369	4.28e-15	59.3
Sample:N3,Pos:40137	WP_113886670.1	88.235	17	2	0	111	161	1377	1393	4.28e-15	32.3
Sample:N3,Pos:40137	WP_113886670.1	87.879	33	4	0	11	109	1325	1357	6.13e-15	55.1
Sample:N3,Pos:40137	WP_113886670.1	100.000	17	0	0	111	161	1353	1369	6.13e-15	36.2
Sample:N3,Pos:40137	WP_113886670.1	88.889	36	4	0	2	109	1418	1453	3.53e-14	60.8
Sample:N3,Pos:40137	WP_113886670.1	88.889	36	4	0	2	109	1430	1465	3.53e-14	60.8
Sample:N3,Pos:40137	WP_113886670.1	86.111	36	5	0	2	109	1364	1399	1.67e-13	58.9
Sample:N3,Pos:40137	WP_113886670.1	86.111	36	5	0	2	109	1370	1405	1.67e-13	58.9
Sample:N3,Pos:40137	WP_113886670.1	91.176	34	3	0	2	103	1436	1469	1.76e-13	58.9
Sample:N3,Pos:40137	WP_113886670.1	77.419	31	7	0	17	109	1321	1351	1.06e-11	45.4
Sample:N3,Pos:40137	WP_113886670.1	94.118	17	1	0	111	161	1347	1363	1.06e-11	34.7
Sample:N3,Pos:40137	WP_113886670.1	50.000	48	24	0	2	145	1448	1495	3.92e-07	40.8
Sample:N3,Pos:40137	WP_113886670.1	100.000	17	0	0	111	161	1335	1351	2.05e-05	36.2
Sample:N3,Pos:40137	WP_113886670.1	88.235	17	2	0	111	161	1329	1345	2.12e-04	33.1
Sample:N3,Pos:40137	WP_113886670.1	88.235	17	2	0	111	161	1341	1357	2.12e-04	33.1
Sample:N3,Pos:40137	WP_113886670.1	88.235	17	2	0	111	161	1359	1375	2.12e-04	33.1
Sample:N3,Pos:40137	WP_113886670.1	88.235	17	2	0	111	161	1383	1399	4.31e-04	32.3
Sample:N3,Pos:40137	WP_113886670.1	82.353	17	3	0	111	161	1371	1387	0.001	31.2
Sample:N3,Pos:40137	WP_113886670.1	86.667	15	2	0	117	161	1325	1339	0.006	29.3
Sample:N3,Pos:40137	WP_086874545.1	92.308	13	1	0	162	200	18	30	0.001	31.2
Sample:N3,Pos:40137	WP_086874599.1	100.000	7	0	0	140	120	332	338	4.6	21.2
Sample:N3,Pos:40137	WP_113886625.1	33.333	45	18	2	35	166	518	551	6.1	20.8
Sample:N3,Pos:40137	WP_004897026.1	33.333	24	16	0	53	124	327	350	6.6	20.8
# BLAST processed 1 queries
