# BLASTX 2.4.0+
# Query: Sample:N3,Pos:40173 <unknown description>
# Database: User specified sequence set (Input: lactobacillus_johnsonii_protein.faa)
# Fields: query id, subject id, % identity, alignment length, mismatches, gap opens, q. start, q. end, s. start, s. end, evalue, bit score
# 55 hits found
Sample:N3,Pos:40173	WP_113886670.1	100.000	24	0	0	2	73	1394	1417	1.19e-12	47.0
Sample:N3,Pos:40173	WP_113886670.1	100.000	24	0	0	2	73	1424	1447	1.19e-12	47.0
Sample:N3,Pos:40173	WP_113886670.1	100.000	17	0	0	75	125	1419	1435	1.19e-12	36.2
Sample:N3,Pos:40173	WP_113886670.1	100.000	17	0	0	75	125	1449	1465	1.19e-12	36.2
Sample:N3,Pos:40173	WP_113886670.1	95.833	24	1	0	2	73	1340	1363	3.20e-12	45.4
Sample:N3,Pos:40173	WP_113886670.1	95.833	24	1	0	2	73	1352	1375	3.20e-12	45.4
Sample:N3,Pos:40173	WP_113886670.1	100.000	17	0	0	75	125	1365	1381	3.20e-12	36.2
Sample:N3,Pos:40173	WP_113886670.1	100.000	17	0	0	75	125	1389	1405	3.20e-12	36.2
Sample:N3,Pos:40173	WP_113886670.1	91.667	24	2	0	2	73	1334	1357	8.91e-12	43.9
Sample:N3,Pos:40173	WP_113886670.1	91.667	24	2	0	2	73	1358	1381	8.91e-12	43.9
Sample:N3,Pos:40173	WP_113886670.1	91.667	24	2	0	2	73	1388	1411	8.91e-12	43.9
Sample:N3,Pos:40173	WP_113886670.1	100.000	17	0	0	75	125	1353	1369	8.91e-12	36.2
Sample:N3,Pos:40173	WP_113886670.1	100.000	17	0	0	75	125	1407	1423	8.91e-12	36.2
Sample:N3,Pos:40173	WP_113886670.1	100.000	17	0	0	75	125	1437	1453	8.91e-12	36.2
Sample:N3,Pos:40173	WP_113886670.1	91.667	24	2	0	2	73	1406	1429	2.46e-11	43.9
Sample:N3,Pos:40173	WP_113886670.1	94.118	17	1	0	75	125	1425	1441	2.46e-11	34.7
Sample:N3,Pos:40173	WP_113886670.1	91.667	24	2	0	2	73	1370	1393	2.96e-11	43.9
Sample:N3,Pos:40173	WP_113886670.1	94.118	17	1	0	75	125	1395	1411	2.96e-11	34.7
Sample:N3,Pos:40173	WP_113886670.1	91.667	24	2	0	2	73	1412	1435	5.99e-11	43.9
Sample:N3,Pos:40173	WP_113886670.1	88.235	17	2	0	75	125	1431	1447	5.99e-11	33.5
Sample:N3,Pos:40173	WP_113886670.1	87.500	24	3	0	2	73	1328	1351	8.02e-11	42.0
Sample:N3,Pos:40173	WP_113886670.1	94.118	17	1	0	75	125	1347	1363	8.02e-11	35.0
Sample:N3,Pos:40173	WP_113886670.1	87.500	24	3	0	2	73	1400	1423	1.66e-10	42.4
Sample:N3,Pos:40173	WP_113886670.1	88.235	17	2	0	75	125	1443	1459	1.66e-10	33.5
Sample:N3,Pos:40173	WP_113886670.1	87.500	24	3	0	2	73	1364	1387	2.00e-10	42.4
Sample:N3,Pos:40173	WP_113886670.1	88.235	17	2	0	75	125	1401	1417	2.00e-10	33.5
Sample:N3,Pos:40173	WP_113886670.1	83.333	24	4	0	2	73	1376	1399	5.37e-10	40.8
Sample:N3,Pos:40173	WP_113886670.1	88.235	17	2	0	75	125	1413	1429	5.37e-10	33.5
Sample:N3,Pos:40173	WP_113886670.1	83.333	24	4	0	2	73	1346	1369	7.92e-10	41.2
Sample:N3,Pos:40173	WP_113886670.1	88.235	17	2	0	75	125	1377	1393	7.92e-10	32.7
Sample:N3,Pos:40173	WP_113886670.1	91.667	24	2	0	2	73	1436	1459	7.98e-10	43.9
Sample:N3,Pos:40173	WP_113886670.1	86.667	15	2	0	75	119	1455	1469	7.98e-10	29.6
Sample:N3,Pos:40173	WP_113886670.1	90.476	21	2	0	11	73	1325	1345	3.61e-09	37.7
Sample:N3,Pos:40173	WP_113886670.1	88.235	17	2	0	75	125	1341	1357	3.61e-09	33.5
Sample:N3,Pos:40173	WP_113886670.1	91.667	24	2	0	2	73	1442	1465	3.33e-08	43.9
Sample:N3,Pos:40173	WP_113886670.1	87.500	24	3	0	2	73	1418	1441	1.15e-07	42.4
Sample:N3,Pos:40173	WP_113886670.1	87.500	24	3	0	2	73	1430	1453	1.15e-07	42.4
Sample:N3,Pos:40173	WP_113886670.1	83.333	24	4	0	2	73	1382	1405	4.77e-07	40.8
Sample:N3,Pos:40173	WP_113886670.1	90.909	22	2	0	2	67	1448	1469	5.69e-07	40.4
Sample:N3,Pos:40173	WP_113886670.1	100.000	17	0	0	75	125	1335	1351	1.27e-06	36.2
Sample:N3,Pos:40173	WP_113886670.1	68.421	19	6	0	17	73	1321	1339	1.27e-06	26.2
Sample:N3,Pos:40173	WP_113886670.1	88.235	17	2	0	75	125	1329	1345	1.79e-04	33.5
Sample:N3,Pos:40173	WP_113886670.1	88.235	17	2	0	75	125	1359	1375	1.79e-04	33.5
Sample:N3,Pos:40173	WP_113886670.1	88.235	17	2	0	75	125	1383	1399	3.61e-04	32.7
Sample:N3,Pos:40173	WP_113886670.1	82.353	17	3	0	75	125	1371	1387	0.001	31.2
Sample:N3,Pos:40173	WP_113886670.1	86.667	15	2	0	81	125	1325	1339	0.006	29.3
Sample:N3,Pos:40173	WP_113886670.1	36.111	36	23	0	2	109	1460	1495	1.3	22.7
Sample:N3,Pos:40173	WP_086874545.1	96.000	25	1	0	126	200	18	42	1.71e-12	55.8
Sample:N3,Pos:40173	WP_113886625.1	41.026	39	17	2	17	130	518	551	0.47	23.9
Sample:N3,Pos:40173	WP_011161820.1	26.316	19	14	0	123	179	312	330	3.6	21.6
Sample:N3,Pos:40173	WP_086874599.1	100.000	7	0	0	104	84	332	338	5.7	20.8
Sample:N3,Pos:40173	WP_086874714.1	21.053	38	30	0	194	81	288	325	5.8	20.8
Sample:N3,Pos:40173	WP_086875124.1	38.889	18	11	0	135	188	138	155	6.9	20.8
Sample:N3,Pos:40173	WP_014567312.1	70.000	10	3	0	200	171	150	159	7.9	20.4
Sample:N3,Pos:40173	WP_004897026.1	33.333	24	16	0	17	88	327	350	9.4	20.4
# BLAST processed 1 queries
