# BLASTX 2.4.0+
# Query: Sample:N3,Pos:40191 <unknown description>
# Database: User specified sequence set (Input: lactobacillus_johnsonii_protein.faa)
# Fields: query id, subject id, % identity, alignment length, mismatches, gap opens, q. start, q. end, s. start, s. end, evalue, bit score
# 53 hits found
Sample:N3,Pos:40191	WP_086874545.1	96.774	31	1	0	108	200	18	48	3.97e-17	68.6
Sample:N3,Pos:40191	WP_113886670.1	100.000	17	0	0	57	107	1419	1435	3.67e-10	37.7
Sample:N3,Pos:40191	WP_113886670.1	100.000	17	0	0	57	107	1449	1465	3.67e-10	37.7
Sample:N3,Pos:40191	WP_113886670.1	100.000	18	0	0	2	55	1400	1417	3.67e-10	37.0
Sample:N3,Pos:40191	WP_113886670.1	100.000	18	0	0	2	55	1430	1447	3.67e-10	37.0
Sample:N3,Pos:40191	WP_113886670.1	90.000	20	2	0	48	107	1386	1405	6.37e-10	38.5
Sample:N3,Pos:40191	WP_113886670.1	94.444	18	1	0	2	55	1340	1357	6.37e-10	35.4
Sample:N3,Pos:40191	WP_113886670.1	100.000	17	0	0	57	107	1365	1381	8.80e-10	37.7
Sample:N3,Pos:40191	WP_113886670.1	100.000	17	0	0	57	107	1407	1423	8.80e-10	37.7
Sample:N3,Pos:40191	WP_113886670.1	100.000	17	0	0	57	107	1437	1453	8.80e-10	37.7
Sample:N3,Pos:40191	WP_113886670.1	94.444	18	1	0	2	55	1346	1363	8.80e-10	35.4
Sample:N3,Pos:40191	WP_113886670.1	94.444	18	1	0	2	55	1358	1375	8.80e-10	35.4
Sample:N3,Pos:40191	WP_113886670.1	94.444	18	1	0	2	55	1412	1429	8.80e-10	35.4
Sample:N3,Pos:40191	WP_113886670.1	100.000	17	0	0	57	107	1353	1369	1.34e-09	37.7
Sample:N3,Pos:40191	WP_113886670.1	94.444	18	1	0	2	55	1328	1345	1.34e-09	35.0
Sample:N3,Pos:40191	WP_113886670.1	94.118	17	1	0	57	107	1347	1363	6.41e-09	36.6
Sample:N3,Pos:40191	WP_113886670.1	88.889	18	2	0	2	55	1334	1351	6.41e-09	33.9
Sample:N3,Pos:40191	WP_113886670.1	94.118	17	1	0	57	107	1395	1411	6.73e-09	36.6
Sample:N3,Pos:40191	WP_113886670.1	94.118	17	1	0	57	107	1425	1441	6.73e-09	36.6
Sample:N3,Pos:40191	WP_113886670.1	88.889	18	2	0	2	55	1364	1381	6.73e-09	33.9
Sample:N3,Pos:40191	WP_113886670.1	88.889	18	2	0	2	55	1394	1411	6.73e-09	33.9
Sample:N3,Pos:40191	WP_113886670.1	88.235	17	2	0	57	107	1431	1447	1.67e-08	35.0
Sample:N3,Pos:40191	WP_113886670.1	88.235	17	2	0	57	107	1443	1459	1.67e-08	35.0
Sample:N3,Pos:40191	WP_113886670.1	88.889	18	2	0	2	55	1406	1423	1.67e-08	33.9
Sample:N3,Pos:40191	WP_113886670.1	88.889	18	2	0	2	55	1418	1435	1.67e-08	33.9
Sample:N3,Pos:40191	WP_113886670.1	88.235	17	2	0	57	107	1401	1417	2.13e-08	35.0
Sample:N3,Pos:40191	WP_113886670.1	88.235	17	2	0	57	107	1413	1429	2.13e-08	35.0
Sample:N3,Pos:40191	WP_113886670.1	88.889	18	2	0	2	55	1370	1387	2.13e-08	33.5
Sample:N3,Pos:40191	WP_113886670.1	88.889	18	2	0	2	55	1376	1393	2.13e-08	33.5
Sample:N3,Pos:40191	WP_113886670.1	94.444	18	1	0	2	55	1442	1459	8.70e-08	35.4
Sample:N3,Pos:40191	WP_113886670.1	86.667	15	2	0	57	101	1455	1469	8.70e-08	31.2
Sample:N3,Pos:40191	WP_113886670.1	88.235	17	2	0	57	107	1377	1393	9.89e-08	33.9
Sample:N3,Pos:40191	WP_113886670.1	83.333	18	3	0	2	55	1352	1369	9.89e-08	32.7
Sample:N3,Pos:40191	WP_113886670.1	100.000	17	0	0	57	107	1335	1351	4.33e-07	37.7
Sample:N3,Pos:40191	WP_113886670.1	80.000	15	3	0	11	55	1325	1339	4.33e-07	26.2
Sample:N3,Pos:40191	WP_113886670.1	88.235	17	2	0	57	107	1329	1345	4.73e-05	35.0
Sample:N3,Pos:40191	WP_113886670.1	88.235	17	2	0	57	107	1341	1357	4.73e-05	35.0
Sample:N3,Pos:40191	WP_113886670.1	88.235	17	2	0	57	107	1359	1375	4.73e-05	35.0
Sample:N3,Pos:40191	WP_113886670.1	88.889	18	2	0	2	55	1424	1441	1.19e-04	33.9
Sample:N3,Pos:40191	WP_113886670.1	88.889	18	2	0	2	55	1436	1453	1.19e-04	33.9
Sample:N3,Pos:40191	WP_113886670.1	88.889	18	2	0	2	55	1448	1465	1.19e-04	33.9
Sample:N3,Pos:40191	WP_113886670.1	88.235	17	2	0	57	107	1383	1399	1.44e-04	33.9
Sample:N3,Pos:40191	WP_113886670.1	83.333	18	3	0	2	55	1388	1405	3.47e-04	32.7
Sample:N3,Pos:40191	WP_113886670.1	82.353	17	3	0	57	107	1371	1387	4.66e-04	32.3
Sample:N3,Pos:40191	WP_113886670.1	83.333	18	3	0	2	55	1382	1399	4.66e-04	32.3
Sample:N3,Pos:40191	WP_113886670.1	93.750	16	1	0	2	49	1454	1469	6.03e-04	32.0
Sample:N3,Pos:40191	WP_113886670.1	62.500	24	7	1	36	107	1318	1339	0.001	31.2
Sample:N3,Pos:40191	WP_014567312.1	72.727	11	3	0	185	153	149	159	0.96	23.1
Sample:N3,Pos:40191	WP_004895097.1	31.429	35	23	1	87	188	57	91	0.98	23.1
Sample:N3,Pos:40191	WP_113886625.1	39.474	38	17	2	2	112	519	551	2.0	22.3
Sample:N3,Pos:40191	WP_086874599.1	100.000	7	0	0	86	66	332	338	7.6	20.4
Sample:N3,Pos:40191	WP_011161916.1	27.451	51	31	2	191	57	35	85	8.4	20.4
Sample:N3,Pos:40191	WP_086874714.1	21.053	38	30	0	176	63	288	325	8.6	20.4
# BLAST processed 1 queries
