# BLASTX 2.4.0+
# Query: Sample:N3,Pos:40139 <unknown description>
# Database: User specified sequence set (Input: lactobacillus_johnsonii_protein.faa)
# Fields: query id, subject id, % identity, alignment length, mismatches, gap opens, q. start, q. end, s. start, s. end, evalue, bit score
# 49 hits found
Sample:N3,Pos:40139	WP_113886670.1	97.143	35	1	0	3	107	1413	1447	2.00e-17	63.2
Sample:N3,Pos:40139	WP_113886670.1	100.000	17	0	0	109	159	1449	1465	2.00e-17	36.2
Sample:N3,Pos:40139	WP_113886670.1	97.143	35	1	0	3	107	1383	1417	2.14e-17	63.2
Sample:N3,Pos:40139	WP_113886670.1	100.000	17	0	0	109	159	1419	1435	2.14e-17	36.2
Sample:N3,Pos:40139	WP_113886670.1	94.286	35	2	0	3	107	1329	1363	6.04e-17	61.6
Sample:N3,Pos:40139	WP_113886670.1	94.286	35	2	0	3	107	1341	1375	6.04e-17	61.6
Sample:N3,Pos:40139	WP_113886670.1	94.286	35	2	0	3	107	1347	1381	6.04e-17	61.6
Sample:N3,Pos:40139	WP_113886670.1	100.000	17	0	0	109	159	1365	1381	6.04e-17	36.2
Sample:N3,Pos:40139	WP_113886670.1	100.000	17	0	0	109	159	1389	1405	6.04e-17	36.2
Sample:N3,Pos:40139	WP_113886670.1	100.000	17	0	0	109	159	1407	1423	6.04e-17	36.2
Sample:N3,Pos:40139	WP_113886670.1	91.429	35	3	0	3	107	1389	1423	1.65e-16	60.1
Sample:N3,Pos:40139	WP_113886670.1	100.000	17	0	0	109	159	1437	1453	1.65e-16	36.2
Sample:N3,Pos:40139	WP_113886670.1	91.429	35	3	0	3	107	1395	1429	4.19e-16	60.1
Sample:N3,Pos:40139	WP_113886670.1	94.118	17	1	0	109	159	1425	1441	4.19e-16	35.0
Sample:N3,Pos:40139	WP_113886670.1	91.429	35	3	0	3	107	1353	1387	4.47e-16	60.1
Sample:N3,Pos:40139	WP_113886670.1	94.118	17	1	0	109	159	1395	1411	4.47e-16	35.0
Sample:N3,Pos:40139	WP_113886670.1	91.429	35	3	0	3	107	1401	1435	1.15e-15	60.1
Sample:N3,Pos:40139	WP_113886670.1	91.429	35	3	0	3	107	1407	1441	1.15e-15	60.1
Sample:N3,Pos:40139	WP_113886670.1	88.235	17	2	0	109	159	1431	1447	1.15e-15	33.5
Sample:N3,Pos:40139	WP_113886670.1	88.235	17	2	0	109	159	1443	1459	1.15e-15	33.5
Sample:N3,Pos:40139	WP_113886670.1	91.429	35	3	0	3	107	1359	1393	1.23e-15	60.1
Sample:N3,Pos:40139	WP_113886670.1	91.429	35	3	0	3	107	1377	1411	1.23e-15	60.1
Sample:N3,Pos:40139	WP_113886670.1	88.235	17	2	0	109	159	1401	1417	1.23e-15	33.5
Sample:N3,Pos:40139	WP_113886670.1	88.235	17	2	0	109	159	1413	1429	1.23e-15	33.5
Sample:N3,Pos:40139	WP_113886670.1	87.879	33	4	0	9	107	1325	1357	6.13e-15	54.7
Sample:N3,Pos:40139	WP_113886670.1	100.000	17	0	0	109	159	1353	1369	6.13e-15	36.2
Sample:N3,Pos:40139	WP_113886670.1	88.571	35	4	0	3	107	1335	1369	6.34e-15	58.5
Sample:N3,Pos:40139	WP_113886670.1	88.235	17	2	0	109	159	1377	1393	6.34e-15	32.7
Sample:N3,Pos:40139	WP_113886670.1	91.429	35	3	0	3	107	1419	1453	1.50e-14	60.1
Sample:N3,Pos:40139	WP_113886670.1	86.667	15	2	0	109	153	1455	1469	1.50e-14	29.6
Sample:N3,Pos:40139	WP_113886670.1	91.429	35	3	0	3	107	1425	1459	6.73e-14	60.1
Sample:N3,Pos:40139	WP_113886670.1	91.429	35	3	0	3	107	1431	1465	6.73e-14	60.1
Sample:N3,Pos:40139	WP_113886670.1	88.571	35	4	0	3	107	1365	1399	2.72e-13	58.5
Sample:N3,Pos:40139	WP_113886670.1	93.939	33	2	0	3	101	1437	1469	3.06e-13	58.2
Sample:N3,Pos:40139	WP_113886670.1	85.714	35	5	0	3	107	1371	1405	9.07e-13	57.0
Sample:N3,Pos:40139	WP_113886670.1	77.419	31	7	0	15	107	1321	1351	1.11e-11	45.1
Sample:N3,Pos:40139	WP_113886670.1	94.118	17	1	0	109	159	1347	1363	1.11e-11	34.7
Sample:N3,Pos:40139	WP_113886670.1	51.064	47	23	0	3	143	1449	1495	5.42e-07	40.4
Sample:N3,Pos:40139	WP_113886670.1	100.000	17	0	0	109	159	1335	1351	1.86e-05	36.2
Sample:N3,Pos:40139	WP_113886670.1	88.235	17	2	0	109	159	1329	1345	1.94e-04	33.5
Sample:N3,Pos:40139	WP_113886670.1	88.235	17	2	0	109	159	1341	1357	1.94e-04	33.5
Sample:N3,Pos:40139	WP_113886670.1	88.235	17	2	0	109	159	1359	1375	1.94e-04	33.5
Sample:N3,Pos:40139	WP_113886670.1	88.235	17	2	0	109	159	1383	1399	4.02e-04	32.7
Sample:N3,Pos:40139	WP_113886670.1	82.353	17	3	0	109	159	1371	1387	0.001	31.2
Sample:N3,Pos:40139	WP_113886670.1	86.667	15	2	0	115	159	1325	1339	0.006	29.3
Sample:N3,Pos:40139	WP_086874545.1	92.857	14	1	0	160	201	18	31	3.52e-04	32.7
Sample:N3,Pos:40139	WP_086874599.1	100.000	7	0	0	138	118	332	338	3.4	21.6
Sample:N3,Pos:40139	WP_113886625.1	33.333	45	18	2	33	164	518	551	5.6	20.8
Sample:N3,Pos:40139	WP_004897026.1	33.333	24	16	0	51	122	327	350	5.7	20.8
# BLAST processed 1 queries
