# BLASTX 2.4.0+
# Query: Sample:N3,Pos:40170 <unknown description>
# Database: User specified sequence set (Input: lactobacillus_johnsonii_protein.faa)
# Fields: query id, subject id, % identity, alignment length, mismatches, gap opens, q. start, q. end, s. start, s. end, evalue, bit score
# 52 hits found
Sample:N3,Pos:40170	WP_113886670.1	100.000	25	0	0	2	76	1393	1417	3.08e-13	48.5
Sample:N3,Pos:40170	WP_113886670.1	100.000	25	0	0	2	76	1423	1447	3.08e-13	48.5
Sample:N3,Pos:40170	WP_113886670.1	100.000	17	0	0	78	128	1419	1435	3.08e-13	36.6
Sample:N3,Pos:40170	WP_113886670.1	100.000	17	0	0	78	128	1449	1465	3.08e-13	36.6
Sample:N3,Pos:40170	WP_113886670.1	96.000	25	1	0	2	76	1339	1363	8.32e-13	47.0
Sample:N3,Pos:40170	WP_113886670.1	96.000	25	1	0	2	76	1351	1375	8.32e-13	47.0
Sample:N3,Pos:40170	WP_113886670.1	100.000	17	0	0	78	128	1365	1381	8.32e-13	36.6
Sample:N3,Pos:40170	WP_113886670.1	100.000	17	0	0	78	128	1389	1405	8.32e-13	36.6
Sample:N3,Pos:40170	WP_113886670.1	92.000	25	2	0	2	76	1333	1357	2.32e-12	45.4
Sample:N3,Pos:40170	WP_113886670.1	92.000	25	2	0	2	76	1357	1381	2.32e-12	45.4
Sample:N3,Pos:40170	WP_113886670.1	92.000	25	2	0	2	76	1387	1411	2.32e-12	45.4
Sample:N3,Pos:40170	WP_113886670.1	100.000	17	0	0	78	128	1353	1369	2.32e-12	36.6
Sample:N3,Pos:40170	WP_113886670.1	100.000	17	0	0	78	128	1407	1423	2.32e-12	36.6
Sample:N3,Pos:40170	WP_113886670.1	100.000	17	0	0	78	128	1437	1453	2.32e-12	36.6
Sample:N3,Pos:40170	WP_113886670.1	92.000	25	2	0	2	76	1405	1429	6.34e-12	45.4
Sample:N3,Pos:40170	WP_113886670.1	94.118	17	1	0	78	128	1425	1441	6.34e-12	35.0
Sample:N3,Pos:40170	WP_113886670.1	92.000	25	2	0	2	76	1369	1393	7.76e-12	45.4
Sample:N3,Pos:40170	WP_113886670.1	94.118	17	1	0	78	128	1395	1411	7.76e-12	35.0
Sample:N3,Pos:40170	WP_113886670.1	92.000	25	2	0	2	76	1411	1435	1.54e-11	45.4
Sample:N3,Pos:40170	WP_113886670.1	88.235	17	2	0	78	128	1431	1447	1.54e-11	33.9
Sample:N3,Pos:40170	WP_113886670.1	88.000	25	3	0	2	76	1327	1351	2.07e-11	43.5
Sample:N3,Pos:40170	WP_113886670.1	94.118	17	1	0	78	128	1347	1363	2.07e-11	35.4
Sample:N3,Pos:40170	WP_113886670.1	88.000	25	3	0	2	76	1399	1423	4.26e-11	44.3
Sample:N3,Pos:40170	WP_113886670.1	88.235	17	2	0	78	128	1443	1459	4.26e-11	33.9
Sample:N3,Pos:40170	WP_113886670.1	88.000	25	3	0	2	76	1363	1387	5.22e-11	43.9
Sample:N3,Pos:40170	WP_113886670.1	88.235	17	2	0	78	128	1401	1417	5.22e-11	33.9
Sample:N3,Pos:40170	WP_113886670.1	84.000	25	4	0	2	76	1375	1399	1.40e-10	42.4
Sample:N3,Pos:40170	WP_113886670.1	88.235	17	2	0	78	128	1413	1429	1.40e-10	33.9
Sample:N3,Pos:40170	WP_113886670.1	92.000	25	2	0	2	76	1435	1459	2.15e-10	45.4
Sample:N3,Pos:40170	WP_113886670.1	86.667	15	2	0	78	122	1455	1469	2.15e-10	30.0
Sample:N3,Pos:40170	WP_113886670.1	84.000	25	4	0	2	76	1345	1369	2.26e-10	42.7
Sample:N3,Pos:40170	WP_113886670.1	88.235	17	2	0	78	128	1377	1393	2.26e-10	32.7
Sample:N3,Pos:40170	WP_113886670.1	80.000	25	5	0	2	76	1321	1345	1.82e-09	38.5
Sample:N3,Pos:40170	WP_113886670.1	88.235	17	2	0	78	128	1341	1357	1.82e-09	33.9
Sample:N3,Pos:40170	WP_113886670.1	92.000	25	2	0	2	76	1441	1465	8.86e-09	45.4
Sample:N3,Pos:40170	WP_113886670.1	88.000	25	3	0	2	76	1417	1441	3.05e-08	44.3
Sample:N3,Pos:40170	WP_113886670.1	88.000	25	3	0	2	76	1429	1453	3.05e-08	44.3
Sample:N3,Pos:40170	WP_113886670.1	84.000	25	4	0	2	76	1381	1405	1.29e-07	42.4
Sample:N3,Pos:40170	WP_113886670.1	91.304	23	2	0	2	70	1447	1469	1.47e-07	42.4
Sample:N3,Pos:40170	WP_113886670.1	100.000	17	0	0	78	128	1335	1351	1.30e-05	36.6
Sample:N3,Pos:40170	WP_113886670.1	88.235	17	2	0	78	128	1329	1345	1.29e-04	33.9
Sample:N3,Pos:40170	WP_113886670.1	88.235	17	2	0	78	128	1359	1375	1.29e-04	33.9
Sample:N3,Pos:40170	WP_113886670.1	88.235	17	2	0	78	128	1383	1399	2.96e-04	32.7
Sample:N3,Pos:40170	WP_113886670.1	82.353	17	3	0	78	128	1371	1387	0.001	31.6
Sample:N3,Pos:40170	WP_113886670.1	86.667	15	2	0	84	128	1325	1339	0.005	29.6
Sample:N3,Pos:40170	WP_113886670.1	37.838	37	23	0	2	112	1459	1495	0.33	24.3
Sample:N3,Pos:40170	WP_086874545.1	95.833	24	1	0	129	200	18	41	2.04e-11	52.8
Sample:N3,Pos:40170	WP_011161820.1	26.316	19	14	0	126	182	312	330	4.1	21.2
Sample:N3,Pos:40170	WP_086874599.1	100.000	7	0	0	107	87	332	338	6.7	20.8
Sample:N3,Pos:40170	WP_086874714.1	21.053	38	30	0	197	84	288	325	7.5	20.4
Sample:N3,Pos:40170	WP_004897026.1	33.333	24	16	0	20	91	327	350	7.8	20.4
Sample:N3,Pos:40170	WP_086875124.1	38.889	18	11	0	138	191	138	155	8.0	20.4
# BLAST processed 1 queries
