# BLASTX 2.4.0+
# Query: Sample:N3,Pos:40197 <unknown description>
# Database: User specified sequence set (Input: lactobacillus_johnsonii_protein.faa)
# Fields: query id, subject id, % identity, alignment length, mismatches, gap opens, q. start, q. end, s. start, s. end, evalue, bit score
# 52 hits found
Sample:N3,Pos:40197	WP_086874545.1	96.970	33	1	0	102	200	18	50	1.14e-18	72.8
Sample:N3,Pos:40197	WP_113886670.1	90.000	20	2	0	42	101	1386	1405	3.95e-09	38.1
Sample:N3,Pos:40197	WP_113886670.1	100.000	16	0	0	2	49	1330	1345	3.95e-09	33.1
Sample:N3,Pos:40197	WP_113886670.1	100.000	17	0	0	51	101	1353	1369	5.45e-09	37.4
Sample:N3,Pos:40197	WP_113886670.1	100.000	17	0	0	51	101	1407	1423	5.45e-09	37.4
Sample:N3,Pos:40197	WP_113886670.1	100.000	17	0	0	51	101	1419	1435	5.45e-09	37.4
Sample:N3,Pos:40197	WP_113886670.1	100.000	17	0	0	51	101	1437	1453	5.45e-09	37.4
Sample:N3,Pos:40197	WP_113886670.1	100.000	17	0	0	51	101	1449	1465	5.45e-09	37.4
Sample:N3,Pos:40197	WP_113886670.1	100.000	16	0	0	2	49	1342	1357	5.45e-09	33.1
Sample:N3,Pos:40197	WP_113886670.1	100.000	16	0	0	2	49	1360	1375	5.45e-09	33.1
Sample:N3,Pos:40197	WP_113886670.1	100.000	16	0	0	2	49	1402	1417	5.45e-09	33.1
Sample:N3,Pos:40197	WP_113886670.1	100.000	16	0	0	2	49	1414	1429	5.45e-09	33.1
Sample:N3,Pos:40197	WP_113886670.1	100.000	16	0	0	2	49	1432	1447	5.45e-09	33.1
Sample:N3,Pos:40197	WP_113886670.1	100.000	17	0	0	51	101	1365	1381	1.39e-08	37.4
Sample:N3,Pos:40197	WP_113886670.1	93.750	16	1	0	2	49	1348	1363	1.39e-08	32.0
Sample:N3,Pos:40197	WP_113886670.1	94.118	17	1	0	51	101	1425	1441	3.77e-08	36.2
Sample:N3,Pos:40197	WP_113886670.1	93.750	16	1	0	2	49	1396	1411	3.77e-08	32.0
Sample:N3,Pos:40197	WP_113886670.1	94.118	17	1	0	51	101	1395	1411	5.82e-08	36.2
Sample:N3,Pos:40197	WP_113886670.1	93.750	16	1	0	2	49	1372	1387	5.82e-08	31.2
Sample:N3,Pos:40197	WP_113886670.1	94.118	17	1	0	51	101	1347	1363	9.13e-08	36.2
Sample:N3,Pos:40197	WP_113886670.1	87.500	16	2	0	2	49	1336	1351	9.13e-08	30.4
Sample:N3,Pos:40197	WP_113886670.1	88.235	17	2	0	51	101	1443	1459	9.35e-08	34.7
Sample:N3,Pos:40197	WP_113886670.1	93.750	16	1	0	2	49	1426	1441	9.35e-08	32.0
Sample:N3,Pos:40197	WP_113886670.1	88.235	17	2	0	51	101	1401	1417	2.37e-07	34.7
Sample:N3,Pos:40197	WP_113886670.1	88.235	17	2	0	51	101	1413	1429	2.37e-07	34.7
Sample:N3,Pos:40197	WP_113886670.1	88.235	17	2	0	51	101	1431	1447	2.37e-07	34.7
Sample:N3,Pos:40197	WP_113886670.1	87.500	16	2	0	2	49	1354	1369	2.37e-07	30.4
Sample:N3,Pos:40197	WP_113886670.1	87.500	16	2	0	2	49	1366	1381	2.37e-07	30.4
Sample:N3,Pos:40197	WP_113886670.1	87.500	16	2	0	2	49	1390	1405	2.37e-07	30.4
Sample:N3,Pos:40197	WP_113886670.1	100.000	17	0	0	51	101	1335	1351	4.09e-07	37.4
Sample:N3,Pos:40197	WP_113886670.1	80.000	15	3	0	5	49	1325	1339	4.09e-07	26.9
Sample:N3,Pos:40197	WP_113886670.1	100.000	16	0	0	2	49	1444	1459	5.04e-07	33.1
Sample:N3,Pos:40197	WP_113886670.1	86.667	15	2	0	51	95	1455	1469	5.04e-07	30.8
Sample:N3,Pos:40197	WP_113886670.1	88.235	17	2	0	51	101	1329	1345	6.74e-05	34.7
Sample:N3,Pos:40197	WP_113886670.1	88.235	17	2	0	51	101	1341	1357	6.74e-05	34.7
Sample:N3,Pos:40197	WP_113886670.1	88.235	17	2	0	51	101	1359	1375	6.74e-05	34.7
Sample:N3,Pos:40197	WP_113886670.1	88.235	17	2	0	51	101	1377	1393	1.81e-04	33.5
Sample:N3,Pos:40197	WP_113886670.1	88.235	17	2	0	51	101	1383	1399	1.81e-04	33.5
Sample:N3,Pos:40197	WP_113886670.1	82.353	17	3	0	51	101	1371	1387	5.85e-04	32.0
Sample:N3,Pos:40197	WP_113886670.1	62.500	24	7	1	30	101	1318	1339	0.002	30.8
Sample:N3,Pos:40197	WP_113886670.1	87.500	16	2	0	2	49	1408	1423	0.002	30.4
Sample:N3,Pos:40197	WP_113886670.1	87.500	16	2	0	2	49	1420	1435	0.002	30.4
Sample:N3,Pos:40197	WP_113886670.1	87.500	16	2	0	2	49	1438	1453	0.002	30.4
Sample:N3,Pos:40197	WP_113886670.1	87.500	16	2	0	2	49	1450	1465	0.002	30.4
Sample:N3,Pos:40197	WP_113886670.1	87.500	16	2	0	2	49	1378	1393	0.004	29.6
Sample:N3,Pos:40197	WP_113886670.1	87.500	16	2	0	2	49	1384	1399	0.004	29.6
Sample:N3,Pos:40197	WP_113886670.1	100.000	14	0	0	2	43	1456	1469	0.004	29.6
Sample:N3,Pos:40197	WP_014567312.1	72.727	11	3	0	179	147	149	159	0.96	23.1
Sample:N3,Pos:40197	WP_004895097.1	31.429	35	23	1	81	182	57	91	1.1	22.7
Sample:N3,Pos:40197	WP_086874714.1	22.449	49	37	1	200	57	277	325	1.2	22.7
Sample:N3,Pos:40197	WP_011161916.1	27.451	51	31	2	185	51	35	85	7.0	20.8
Sample:N3,Pos:40197	WP_086875124.1	34.483	29	17	1	111	191	138	166	9.8	20.4
# BLAST processed 1 queries
