# BLASTX 2.4.0+
# Query: Sample:N3,Pos:40176 <unknown description>
# Database: User specified sequence set (Input: lactobacillus_johnsonii_protein.faa)
# Fields: query id, subject id, % identity, alignment length, mismatches, gap opens, q. start, q. end, s. start, s. end, evalue, bit score
# 56 hits found
Sample:N3,Pos:40176	WP_086874545.1	96.154	26	1	0	123	200	18	43	4.68e-13	57.4
Sample:N3,Pos:40176	WP_113886670.1	100.000	23	0	0	2	70	1395	1417	5.22e-12	44.7
Sample:N3,Pos:40176	WP_113886670.1	100.000	23	0	0	2	70	1425	1447	5.22e-12	44.7
Sample:N3,Pos:40176	WP_113886670.1	100.000	17	0	0	72	122	1419	1435	5.22e-12	36.2
Sample:N3,Pos:40176	WP_113886670.1	100.000	17	0	0	72	122	1449	1465	5.22e-12	36.2
Sample:N3,Pos:40176	WP_113886670.1	95.652	23	1	0	2	70	1335	1357	1.28e-11	43.5
Sample:N3,Pos:40176	WP_113886670.1	95.652	23	1	0	2	70	1341	1363	1.28e-11	43.5
Sample:N3,Pos:40176	WP_113886670.1	95.652	23	1	0	2	70	1353	1375	1.28e-11	43.5
Sample:N3,Pos:40176	WP_113886670.1	95.652	23	1	0	2	70	1407	1429	1.28e-11	43.5
Sample:N3,Pos:40176	WP_113886670.1	100.000	17	0	0	72	122	1353	1369	1.28e-11	36.2
Sample:N3,Pos:40176	WP_113886670.1	100.000	17	0	0	72	122	1365	1381	1.28e-11	36.2
Sample:N3,Pos:40176	WP_113886670.1	100.000	17	0	0	72	122	1389	1405	1.28e-11	36.2
Sample:N3,Pos:40176	WP_113886670.1	100.000	17	0	0	72	122	1437	1453	1.28e-11	36.2
Sample:N3,Pos:40176	WP_113886670.1	91.304	23	2	0	2	70	1359	1381	3.87e-11	42.0
Sample:N3,Pos:40176	WP_113886670.1	100.000	17	0	0	72	122	1407	1423	3.87e-11	36.2
Sample:N3,Pos:40176	WP_113886670.1	91.304	23	2	0	2	70	1329	1351	9.43e-11	42.0
Sample:N3,Pos:40176	WP_113886670.1	94.118	17	1	0	72	122	1347	1363	9.43e-11	35.0
Sample:N3,Pos:40176	WP_113886670.1	91.304	23	2	0	2	70	1389	1411	1.05e-10	42.0
Sample:N3,Pos:40176	WP_113886670.1	94.118	17	1	0	72	122	1425	1441	1.05e-10	35.0
Sample:N3,Pos:40176	WP_113886670.1	91.304	23	2	0	2	70	1365	1387	1.15e-10	41.6
Sample:N3,Pos:40176	WP_113886670.1	94.118	17	1	0	72	122	1395	1411	1.15e-10	35.0
Sample:N3,Pos:40176	WP_113886670.1	91.304	23	2	0	2	70	1401	1423	2.55e-10	42.0
Sample:N3,Pos:40176	WP_113886670.1	91.304	23	2	0	2	70	1413	1435	2.55e-10	42.0
Sample:N3,Pos:40176	WP_113886670.1	88.235	17	2	0	72	122	1431	1447	2.55e-10	33.5
Sample:N3,Pos:40176	WP_113886670.1	88.235	17	2	0	72	122	1443	1459	2.55e-10	33.5
Sample:N3,Pos:40176	WP_113886670.1	91.304	23	2	0	2	70	1371	1393	2.81e-10	41.6
Sample:N3,Pos:40176	WP_113886670.1	88.235	17	2	0	72	122	1401	1417	2.81e-10	33.5
Sample:N3,Pos:40176	WP_113886670.1	86.957	23	3	0	2	70	1377	1399	6.90e-10	40.4
Sample:N3,Pos:40176	WP_113886670.1	88.235	17	2	0	72	122	1413	1429	6.90e-10	33.5
Sample:N3,Pos:40176	WP_113886670.1	95.652	23	1	0	2	70	1437	1459	1.15e-09	43.5
Sample:N3,Pos:40176	WP_113886670.1	86.957	23	3	0	2	70	1347	1369	1.15e-09	40.4
Sample:N3,Pos:40176	WP_113886670.1	88.235	17	2	0	72	122	1377	1393	1.15e-09	32.7
Sample:N3,Pos:40176	WP_113886670.1	86.667	15	2	0	72	116	1455	1469	1.15e-09	29.6
Sample:N3,Pos:40176	WP_113886670.1	90.476	21	2	0	8	70	1325	1345	3.73e-09	37.7
Sample:N3,Pos:40176	WP_113886670.1	88.235	17	2	0	72	122	1341	1357	3.73e-09	33.5
Sample:N3,Pos:40176	WP_113886670.1	91.304	23	2	0	2	70	1419	1441	2.01e-07	42.0
Sample:N3,Pos:40176	WP_113886670.1	91.304	23	2	0	2	70	1431	1453	2.01e-07	42.0
Sample:N3,Pos:40176	WP_113886670.1	91.304	23	2	0	2	70	1443	1465	2.01e-07	42.0
Sample:N3,Pos:40176	WP_113886670.1	95.238	21	1	0	2	64	1449	1469	8.86e-07	40.0
Sample:N3,Pos:40176	WP_113886670.1	100.000	17	0	0	72	122	1335	1351	1.43e-06	36.2
Sample:N3,Pos:40176	WP_113886670.1	68.421	19	6	0	14	70	1321	1339	1.43e-06	26.2
Sample:N3,Pos:40176	WP_113886670.1	82.609	23	4	0	2	70	1383	1405	2.56e-06	38.5
Sample:N3,Pos:40176	WP_113886670.1	88.235	17	2	0	72	122	1329	1345	1.72e-04	33.5
Sample:N3,Pos:40176	WP_113886670.1	88.235	17	2	0	72	122	1359	1375	1.72e-04	33.5
Sample:N3,Pos:40176	WP_113886670.1	88.235	17	2	0	72	122	1383	1399	3.61e-04	32.7
Sample:N3,Pos:40176	WP_113886670.1	82.353	17	3	0	72	122	1371	1387	0.001	31.2
Sample:N3,Pos:40176	WP_113886670.1	86.667	15	2	0	78	122	1325	1339	0.006	29.3
Sample:N3,Pos:40176	WP_113886670.1	37.143	35	22	0	2	106	1461	1495	1.6	22.3
Sample:N3,Pos:40176	WP_113886625.1	41.026	39	17	2	14	127	518	551	0.43	23.9
Sample:N3,Pos:40176	WP_014567312.1	72.727	11	3	0	200	168	149	159	0.96	23.1
Sample:N3,Pos:40176	WP_004895097.1	32.353	34	22	1	102	200	57	90	3.2	21.6
Sample:N3,Pos:40176	WP_011161820.1	26.316	19	14	0	120	176	312	330	3.6	21.6
Sample:N3,Pos:40176	WP_086874599.1	100.000	7	0	0	101	81	332	338	6.7	20.8
Sample:N3,Pos:40176	WP_086874714.1	21.053	38	30	0	191	78	288	325	7.3	20.4
Sample:N3,Pos:40176	WP_086875124.1	38.889	18	11	0	132	185	138	155	7.5	20.4
Sample:N3,Pos:40176	WP_004897026.1	33.333	24	16	0	14	85	327	350	7.7	20.4
# BLAST processed 1 queries
