# BLASTX 2.4.0+
# Query: Sample:REF,Pos:4579 <unknown description>
# Database: User specified sequence set (Input: clostridium_sporogenes_protein.faa)
# Fields: query id, subject id, % identity, alignment length, mismatches, gap opens, q. start, q. end, s. start, s. end, evalue, bit score
# 56 hits found
Sample:REF,Pos:4579	WP_003496522.1	70.000	50	14	1	1	150	32	80	1.89e-17	65.5
Sample:REF,Pos:4579	WP_033061250.1	40.909	66	36	1	4	201	6	68	1.05e-08	45.1
Sample:REF,Pos:4579	WP_003490952.1	47.917	48	20	1	73	201	8	55	4.73e-07	40.4
Sample:REF,Pos:4579	WP_003490956.1	51.220	41	20	0	79	201	23	63	9.74e-07	39.7
Sample:REF,Pos:4579	WP_003490537.1	41.463	41	24	0	79	201	21	61	1.35e-06	39.3
Sample:REF,Pos:4579	WP_004461542.1	55.172	29	13	0	88	174	21	49	2.06e-06	38.9
Sample:REF,Pos:4579	WP_003494611.1	42.857	42	24	0	76	201	21	62	2.19e-06	38.9
Sample:REF,Pos:4579	WP_003491121.1	47.368	38	20	0	88	201	24	61	2.30e-06	38.5
Sample:REF,Pos:4579	WP_052691695.1	48.571	35	17	1	88	189	358	392	5.49e-06	37.7
Sample:REF,Pos:4579	WP_040109210.1	44.737	38	21	0	88	201	25	62	6.94e-06	37.4
Sample:REF,Pos:4579	WP_003493156.1	41.026	39	23	0	85	201	24	62	7.24e-06	37.4
Sample:REF,Pos:4579	WP_003492950.1	31.148	61	39	1	19	201	1	58	8.01e-06	37.4
Sample:REF,Pos:4579	WP_077272573.1	41.463	41	24	0	79	201	16	56	8.90e-06	37.0
Sample:REF,Pos:4579	WP_003491790.1	38.776	49	29	1	55	201	13	60	2.42e-05	35.8
Sample:REF,Pos:4579	WP_033059225.1	38.462	39	24	0	85	201	26	64	2.50e-05	35.8
Sample:REF,Pos:4579	WP_003493442.1	41.026	39	23	0	85	201	26	64	3.05e-05	35.4
Sample:REF,Pos:4579	WP_003493351.1	36.842	38	24	0	88	201	21	58	4.05e-05	35.0
Sample:REF,Pos:4579	WP_003490356.1	41.026	39	23	0	85	201	24	62	4.15e-05	35.0
Sample:REF,Pos:4579	WP_003492493.1	39.535	43	26	0	73	201	18	60	4.42e-05	35.0
Sample:REF,Pos:4579	WP_003493359.1	34.783	46	30	0	31	168	1	46	6.08e-05	34.7
Sample:REF,Pos:4579	WP_040109546.1	43.590	39	22	0	85	201	23	61	6.43e-05	34.7
Sample:REF,Pos:4579	WP_040108466.1	34.694	49	31	1	55	201	16	63	7.48e-05	34.3
Sample:REF,Pos:4579	WP_033058995.1	42.105	38	22	0	88	201	19	56	7.70e-05	34.3
Sample:REF,Pos:4579	WP_003492070.1	43.243	37	21	0	91	201	27	63	1.07e-04	33.9
Sample:REF,Pos:4579	WP_040108298.1	36.957	46	24	2	67	201	17	58	1.17e-04	33.9
Sample:REF,Pos:4579	WP_040108298.1	36.585	41	26	0	79	201	266	306	0.049	26.6
Sample:REF,Pos:4579	WP_040108247.1	32.203	59	38	1	31	201	1	59	3.05e-04	32.7
Sample:REF,Pos:4579	WP_033061228.1	36.000	50	31	1	52	201	18	66	3.59e-04	32.7
Sample:REF,Pos:4579	WP_003492465.1	37.209	43	27	0	40	168	4	46	4.59e-04	32.3
Sample:REF,Pos:4579	WP_046869919.1	43.750	32	18	0	88	183	21	52	6.46e-04	32.0
Sample:REF,Pos:4579	WP_045884812.1	32.609	46	29	1	70	201	11	56	0.001	31.2
Sample:REF,Pos:4579	WP_033058457.1	37.838	37	23	0	91	201	26	62	0.001	30.8
Sample:REF,Pos:4579	WP_003496432.1	38.462	39	24	0	85	201	19	57	0.002	30.4
Sample:REF,Pos:4579	WP_003494915.1	32.692	52	34	1	31	183	10	61	0.002	30.4
Sample:REF,Pos:4579	WP_046869879.1	39.474	38	18	1	52	165	22	54	0.003	29.6
Sample:REF,Pos:4579	WP_003483065.1	36.842	38	24	0	88	201	20	57	0.004	29.6
Sample:REF,Pos:4579	WP_046869915.1	36.842	38	24	0	88	201	21	58	0.004	29.6
Sample:REF,Pos:4579	WP_040108001.1	41.176	34	19	1	85	183	20	53	0.008	28.9
Sample:REF,Pos:4579	WP_134789435.1	38.636	44	26	1	70	201	18	60	0.023	27.3
Sample:REF,Pos:4579	WP_003494485.1	33.333	30	20	0	85	174	18	47	0.068	26.2
Sample:REF,Pos:4579	WP_003493221.1	33.333	45	26	1	43	165	130	174	0.085	25.8
Sample:REF,Pos:4579	WP_080941281.1	33.333	63	34	2	34	198	819	881	0.15	25.4
Sample:REF,Pos:4579	WP_046869768.1	41.667	24	14	0	130	201	1	24	0.17	25.0
Sample:REF,Pos:4579	WP_003494692.1	34.483	29	19	0	88	174	20	48	0.19	25.0
Sample:REF,Pos:4579	WP_003491106.1	31.579	38	26	0	88	201	19	56	0.21	24.6
Sample:REF,Pos:4579	WP_003358207.1	45.833	24	13	0	115	186	4	27	0.44	23.9
Sample:REF,Pos:4579	WP_040109101.1	26.316	38	28	0	88	201	20	57	0.77	23.1
Sample:REF,Pos:4579	WP_003490946.1	50.000	16	8	0	118	165	30	45	1.3	22.7
Sample:REF,Pos:4579	WP_052691613.1	27.273	55	27	2	19	144	282	336	1.4	22.7
Sample:REF,Pos:4579	WP_040108260.1	30.357	56	37	1	40	201	2	57	1.5	22.3
Sample:REF,Pos:4579	WP_003491322.1	40.741	27	14	1	82	162	125	149	2.0	21.9
Sample:REF,Pos:4579	WP_003496360.1	50.000	16	8	0	121	168	140	155	2.1	21.9
Sample:REF,Pos:4579	WP_046870095.1	34.483	29	18	1	73	159	17	44	4.2	21.2
Sample:REF,Pos:4579	WP_003494252.1	66.667	12	4	0	78	43	140	151	4.6	21.2
Sample:REF,Pos:4579	WP_040109418.1	36.364	22	14	0	109	174	2	23	6.7	20.8
Sample:REF,Pos:4579	WP_003491621.1	66.667	9	3	0	13	39	111	119	9.8	20.0
# BLAST processed 1 queries
