# BLASTX 2.4.0+
# Query: Sample:REF,Pos:4622 <unknown description>
# Database: User specified sequence set (Input: clostridium_sporogenes_protein.faa)
# Fields: query id, subject id, % identity, alignment length, mismatches, gap opens, q. start, q. end, s. start, s. end, evalue, bit score
# 60 hits found
Sample:REF,Pos:4622	WP_033061250.1	45.652	46	25	0	48	185	32	77	4.43e-09	46.2
Sample:REF,Pos:4622	WP_003490537.1	37.037	54	33	1	36	197	21	73	6.30e-08	43.1
Sample:REF,Pos:4622	WP_003490956.1	50.000	46	21	1	45	182	26	69	7.78e-08	42.7
Sample:REF,Pos:4622	WP_003494611.1	45.455	44	24	0	33	164	21	64	1.37e-07	42.0
Sample:REF,Pos:4622	WP_040109210.1	47.500	40	21	0	45	164	25	64	6.38e-07	40.0
Sample:REF,Pos:4622	WP_077272573.1	38.182	55	32	1	36	200	16	68	6.95e-07	40.0
Sample:REF,Pos:4622	WP_003490952.1	45.833	48	22	1	15	158	12	55	8.34e-07	39.7
Sample:REF,Pos:4622	WP_004461542.1	45.238	42	22	1	45	167	21	62	1.08e-06	39.7
Sample:REF,Pos:4622	WP_003491121.1	46.154	39	21	0	45	161	24	62	1.32e-06	39.3
Sample:REF,Pos:4622	WP_052691695.1	40.476	42	25	0	45	170	358	399	2.38e-06	38.5
Sample:REF,Pos:4622	WP_003493156.1	41.026	39	23	0	42	158	24	62	2.53e-06	38.5
Sample:REF,Pos:4622	WP_040108466.1	33.871	62	39	2	15	200	17	76	3.10e-06	38.1
Sample:REF,Pos:4622	WP_003492493.1	38.596	57	33	1	30	200	18	72	4.15e-06	37.7
Sample:REF,Pos:4622	WP_003491790.1	38.000	50	30	1	12	161	13	61	5.55e-06	37.4
Sample:REF,Pos:4622	WP_003493442.1	39.583	48	27	1	42	185	26	71	6.19e-06	37.4
Sample:REF,Pos:4622	WP_033059225.1	39.024	41	25	0	42	164	26	66	1.21e-05	36.6
Sample:REF,Pos:4622	WP_003490356.1	38.298	47	29	0	42	182	24	70	1.50e-05	36.2
Sample:REF,Pos:4622	WP_040109546.1	41.463	41	24	0	42	164	23	63	1.55e-05	36.2
Sample:REF,Pos:4622	WP_003496522.1	57.143	35	14	1	3	107	47	80	2.00e-05	34.7
Sample:REF,Pos:4622	WP_003492070.1	45.946	37	20	0	54	164	29	65	2.04e-05	35.8
Sample:REF,Pos:4622	WP_003493351.1	35.714	42	27	0	45	170	21	62	2.63e-05	35.8
Sample:REF,Pos:4622	WP_033061228.1	37.037	54	33	1	9	170	18	70	3.83e-05	35.0
Sample:REF,Pos:4622	WP_003492950.1	37.209	43	27	0	36	164	18	60	3.84e-05	35.0
Sample:REF,Pos:4622	WP_033058995.1	38.095	42	26	0	45	170	19	60	5.20e-05	35.0
Sample:REF,Pos:4622	WP_040108298.1	35.417	48	26	2	24	164	17	60	5.70e-05	34.7
Sample:REF,Pos:4622	WP_040108298.1	34.884	43	28	0	36	164	266	308	0.028	27.3
Sample:REF,Pos:4622	WP_033058457.1	39.024	41	25	0	48	170	26	66	6.68e-05	34.7
Sample:REF,Pos:4622	WP_040108163.1	40.385	52	27	2	15	164	9	58	7.47e-05	34.3
Sample:REF,Pos:4622	WP_040108247.1	30.769	52	36	0	9	164	10	61	1.00e-04	33.9
Sample:REF,Pos:4622	WP_003493359.1	37.500	40	25	0	45	164	20	59	1.08e-04	33.9
Sample:REF,Pos:4622	WP_046869919.1	41.026	39	22	1	45	158	21	59	2.61e-04	32.7
Sample:REF,Pos:4622	WP_046869919.1	40.741	27	16	0	84	164	294	320	0.92	23.1
Sample:REF,Pos:4622	WP_045884812.1	32.653	49	31	1	27	167	11	59	2.79e-04	32.7
Sample:REF,Pos:4622	WP_046869915.1	35.714	42	27	0	45	170	21	62	5.80e-04	32.0
Sample:REF,Pos:4622	WP_003483065.1	37.500	40	25	0	45	164	20	59	6.75e-04	31.6
Sample:REF,Pos:4622	WP_003494915.1	36.585	41	26	0	42	164	29	69	7.32e-04	31.6
Sample:REF,Pos:4622	WP_003496432.1	36.585	41	26	0	42	164	19	59	0.002	30.4
Sample:REF,Pos:4622	WP_046869879.1	39.474	38	18	1	9	122	22	54	0.002	29.6
Sample:REF,Pos:4622	WP_003492465.1	36.585	41	26	0	3	125	6	46	0.003	30.0
Sample:REF,Pos:4622	WP_040108001.1	36.170	47	28	2	42	179	20	65	0.003	29.6
Sample:REF,Pos:4622	WP_134789435.1	34.694	49	31	1	27	173	18	65	0.004	29.6
Sample:REF,Pos:4622	WP_003494485.1	38.596	57	31	3	42	200	18	74	0.006	28.9
Sample:REF,Pos:4622	WP_040109101.1	25.490	51	38	0	45	197	20	70	0.031	26.9
Sample:REF,Pos:4622	WP_046869768.1	38.462	26	16	0	87	164	1	26	0.096	25.8
Sample:REF,Pos:4622	WP_080941281.1	32.353	68	30	2	39	194	827	894	0.12	25.4
Sample:REF,Pos:4622	WP_003494692.1	30.000	40	28	0	45	164	20	59	0.16	25.0
Sample:REF,Pos:4622	WP_003491106.1	31.250	48	25	1	45	188	19	58	0.16	25.0
Sample:REF,Pos:4622	WP_003493221.1	35.897	39	21	1	18	122	136	174	0.18	25.0
Sample:REF,Pos:4622	WP_003495255.1	32.000	50	32	1	51	200	69	116	0.23	24.6
Sample:REF,Pos:4622	WP_003358207.1	45.833	24	13	0	72	143	4	27	0.46	23.9
Sample:REF,Pos:4622	WP_040108260.1	37.037	27	17	0	84	164	33	59	0.52	23.5
Sample:REF,Pos:4622	WP_003496360.1	50.000	16	8	0	78	125	140	155	0.77	23.1
Sample:REF,Pos:4622	WP_003491322.1	40.741	27	14	1	39	119	125	149	1.4	22.3
Sample:REF,Pos:4622	WP_046870095.1	34.483	29	18	1	30	116	17	44	4.0	21.2
Sample:REF,Pos:4622	WP_003490946.1	50.000	16	8	0	75	122	30	45	4.2	21.2
Sample:REF,Pos:4622	WP_040109418.1	37.500	24	14	1	60	131	1	23	4.5	21.2
Sample:REF,Pos:4622	WP_046869916.1	33.333	33	20	1	75	173	248	278	6.7	20.4
Sample:REF,Pos:4622	WP_003491201.1	40.741	27	16	0	120	200	1	27	6.9	20.4
Sample:REF,Pos:4622	WP_003492617.1	27.273	33	22	1	99	197	283	313	9.0	20.0
Sample:REF,Pos:4622	WP_003490873.1	50.000	20	10	0	100	41	25	44	9.9	20.0
# BLAST processed 1 queries
