# BLASTX 2.4.0+
# Query: Sample:REF,Pos:4892 <unknown description>
# Database: User specified sequence set (Input: clostridium_sporogenes_protein.faa)
# Fields: query id, subject id, % identity, alignment length, mismatches, gap opens, q. start, q. end, s. start, s. end, evalue, bit score
# 60 hits found
Sample:REF,Pos:4892	WP_003490537.1	49.231	65	33	0	6	200	108	172	5.15e-15	62.4
Sample:REF,Pos:4892	WP_003490952.1	47.273	55	29	0	18	182	98	152	1.73e-13	57.8
Sample:REF,Pos:4892	WP_045884812.1	54.167	48	22	0	36	179	124	171	3.47e-12	54.7
Sample:REF,Pos:4892	WP_003493156.1	47.273	55	29	0	36	200	122	176	3.60e-12	55.1
Sample:REF,Pos:4892	WP_040109546.1	61.538	39	15	0	72	188	134	172	1.44e-11	53.1
Sample:REF,Pos:4892	WP_003492070.1	49.020	51	26	0	27	179	126	176	1.49e-11	53.1
Sample:REF,Pos:4892	WP_077272573.1	54.167	48	22	0	36	179	122	169	2.13e-11	52.8
Sample:REF,Pos:4892	WP_040109210.1	44.828	58	32	0	6	179	116	173	1.23e-10	50.4
Sample:REF,Pos:4892	WP_033059479.1	43.333	60	30	1	27	194	128	187	1.84e-10	50.4
Sample:REF,Pos:4892	WP_033059479.1	38.182	55	34	0	30	194	441	495	3.54e-06	38.1
Sample:REF,Pos:4892	WP_003491106.1	45.614	57	28	1	18	179	112	168	2.24e-10	50.1
Sample:REF,Pos:4892	WP_040108466.1	46.667	45	24	0	45	179	132	176	2.33e-10	49.7
Sample:REF,Pos:4892	WP_033058995.1	48.333	60	30	1	3	179	109	168	2.49e-10	49.7
Sample:REF,Pos:4892	WP_003491121.1	41.935	62	33	1	3	188	114	172	4.46e-10	48.9
Sample:REF,Pos:4892	WP_033058457.1	52.632	38	18	0	66	179	138	175	6.11e-10	48.5
Sample:REF,Pos:4892	WP_033061228.1	46.939	49	25	1	36	179	134	182	1.51e-09	47.8
Sample:REF,Pos:4892	WP_003490956.1	45.833	48	26	0	36	179	129	176	1.88e-09	47.0
Sample:REF,Pos:4892	WP_003494611.1	57.143	35	15	0	75	179	139	173	5.43e-09	45.8
Sample:REF,Pos:4892	WP_003483065.1	41.667	48	28	0	36	179	122	169	9.10e-09	45.4
Sample:REF,Pos:4892	WP_004461542.1	63.636	33	12	0	81	179	144	176	9.19e-09	45.4
Sample:REF,Pos:4892	WP_003491790.1	38.596	57	30	1	24	179	117	173	3.35e-08	43.9
Sample:REF,Pos:4892	WP_003490356.1	54.286	35	16	0	75	179	139	173	3.41e-08	43.5
Sample:REF,Pos:4892	WP_003493359.1	38.983	59	36	0	3	179	112	170	4.53e-08	43.5
Sample:REF,Pos:4892	WP_040108001.1	37.500	48	30	0	36	179	108	155	6.26e-08	42.7
Sample:REF,Pos:4892	WP_046869768.1	34.483	58	38	0	27	200	87	144	9.17e-08	42.4
Sample:REF,Pos:4892	WP_003493029.1	42.222	45	26	0	57	191	141	185	1.43e-07	42.0
Sample:REF,Pos:4892	WP_033059225.1	39.623	53	31	1	21	179	126	177	1.57e-07	42.0
Sample:REF,Pos:4892	WP_003493442.1	36.170	47	30	0	39	179	131	177	4.44e-07	40.8
Sample:REF,Pos:4892	WP_033061250.1	57.576	33	14	0	81	179	149	181	6.13e-07	40.4
Sample:REF,Pos:4892	WP_040109101.1	35.593	59	38	0	3	179	112	170	6.25e-07	40.0
Sample:REF,Pos:4892	WP_033059235.1	38.095	42	26	0	75	200	133	174	6.84e-07	40.0
Sample:REF,Pos:4892	WP_040108267.1	38.636	44	27	0	48	179	458	501	7.56e-07	40.0
Sample:REF,Pos:4892	WP_003493351.1	38.983	59	36	0	6	182	114	172	8.22e-07	40.0
Sample:REF,Pos:4892	WP_003492493.1	52.941	34	16	0	78	179	139	172	1.68e-06	38.9
Sample:REF,Pos:4892	WP_003494915.1	51.429	35	17	0	75	179	144	178	3.43e-06	38.1
Sample:REF,Pos:4892	WP_134789435.1	37.500	48	30	0	36	179	117	164	3.47e-06	38.1
Sample:REF,Pos:4892	WP_040108298.1	37.255	51	32	0	27	179	122	172	4.58e-06	37.7
Sample:REF,Pos:4892	WP_040109198.1	35.714	56	33	1	21	179	116	171	5.25e-06	37.7
Sample:REF,Pos:4892	WP_046869919.1	29.412	51	36	0	30	182	370	420	5.53e-06	37.7
Sample:REF,Pos:4892	WP_046869919.1	36.364	44	28	0	48	179	130	173	8.14e-05	34.3
Sample:REF,Pos:4892	WP_040108260.1	29.412	51	36	0	30	182	111	161	8.32e-06	37.0
Sample:REF,Pos:4892	WP_040109191.1	45.455	33	18	0	81	179	485	517	8.35e-06	37.0
Sample:REF,Pos:4892	WP_003492950.1	39.583	48	29	0	36	179	124	171	8.59e-06	37.0
Sample:REF,Pos:4892	WP_003494692.1	30.000	60	42	0	3	182	112	171	1.75e-05	36.2
Sample:REF,Pos:4892	WP_003496432.1	42.424	33	19	0	81	179	134	166	2.83e-05	35.4
Sample:REF,Pos:4892	WP_046869915.1	41.463	41	24	0	78	200	133	173	1.00e-04	33.9
Sample:REF,Pos:4892	WP_003495458.1	42.424	33	19	0	81	179	468	500	1.25e-04	33.9
Sample:REF,Pos:4892	WP_052691694.1	40.625	32	19	0	84	179	67	98	1.97e-04	33.1
Sample:REF,Pos:4892	WP_052691694.1	38.095	21	10	1	96	158	121	138	1.1	22.7
Sample:REF,Pos:4892	WP_040108163.1	50.000	32	16	0	84	179	132	163	3.11e-04	32.7
Sample:REF,Pos:4892	WP_003492465.1	33.898	59	39	0	3	179	112	170	3.33e-04	32.7
Sample:REF,Pos:4892	WP_033058607.1	41.176	34	20	0	78	179	160	193	5.93e-04	32.0
Sample:REF,Pos:4892	WP_033058607.1	32.432	37	25	0	84	194	440	476	0.026	27.3
Sample:REF,Pos:4892	WP_033058702.1	34.545	55	36	0	27	191	111	165	0.004	29.6
Sample:REF,Pos:4892	WP_046870095.1	34.615	52	29	1	51	191	114	165	0.008	28.9
Sample:REF,Pos:4892	WP_040108060.1	32.353	34	23	0	78	179	467	500	0.009	28.5
Sample:REF,Pos:4892	WP_030035449.1	50.000	16	8	0	69	116	148	163	6.7	20.4
Sample:REF,Pos:4892	WP_003491542.1	41.667	12	7	0	41	76	246	257	9.1	20.0
Sample:REF,Pos:4892	WP_003493575.1	47.059	17	9	0	99	49	13	29	9.2	20.0
Sample:REF,Pos:4892	WP_003494103.1	29.412	17	12	0	61	111	26	42	9.3	19.6
# BLAST processed 1 queries
