# BLASTX 2.4.0+
# Query: Sample:REF,Pos:4705 <unknown description>
# Database: User specified sequence set (Input: clostridium_sporogenes_protein.faa)
# Fields: query id, subject id, % identity, alignment length, mismatches, gap opens, q. start, q. end, s. start, s. end, evalue, bit score
# 63 hits found
Sample:REF,Pos:4705	WP_033061250.1	42.029	69	30	1	1	177	44	112	7.84e-13	56.6
Sample:REF,Pos:4705	WP_003490537.1	38.235	68	39	2	1	198	37	103	3.34e-12	55.1
Sample:REF,Pos:4705	WP_003493156.1	38.028	71	40	1	1	201	38	108	1.17e-09	48.1
Sample:REF,Pos:4705	WP_003494611.1	37.179	78	37	3	1	198	38	115	1.36e-09	47.8
Sample:REF,Pos:4705	WP_003490356.1	42.029	69	30	1	1	177	38	106	1.98e-09	47.0
Sample:REF,Pos:4705	WP_040109210.1	42.029	69	30	1	1	177	38	106	5.88e-09	45.8
Sample:REF,Pos:4705	WP_003490952.1	41.270	63	31	1	1	189	31	87	8.02e-09	45.4
Sample:REF,Pos:4705	WP_003483065.1	38.571	70	34	1	1	183	33	102	1.95e-08	44.3
Sample:REF,Pos:4705	WP_003490956.1	40.845	71	28	2	1	177	39	107	4.31e-08	43.5
Sample:REF,Pos:4705	WP_077272573.1	35.714	70	32	2	1	177	32	99	1.63e-07	42.0
Sample:REF,Pos:4705	WP_040108466.1	35.616	73	37	2	1	189	39	111	3.17e-07	41.2
Sample:REF,Pos:4705	WP_003492070.1	36.986	73	36	2	1	189	39	111	4.65e-07	40.8
Sample:REF,Pos:4705	WP_003491121.1	37.681	69	33	1	1	177	37	105	9.13e-07	39.7
Sample:REF,Pos:4705	WP_003493442.1	32.394	71	34	2	1	177	40	108	1.29e-06	39.3
Sample:REF,Pos:4705	WP_033058457.1	32.877	73	39	1	1	189	38	110	1.81e-06	38.9
Sample:REF,Pos:4705	WP_003494485.1	39.394	66	36	3	1	186	32	97	6.73e-06	37.4
Sample:REF,Pos:4705	WP_004461542.1	37.838	74	34	4	1	189	34	106	8.68e-06	37.0
Sample:REF,Pos:4705	WP_003492493.1	32.895	76	37	2	1	192	36	109	9.35e-06	37.0
Sample:REF,Pos:4705	WP_040109546.1	35.135	74	28	2	1	177	37	105	1.87e-05	36.2
Sample:REF,Pos:4705	WP_003496432.1	33.824	68	39	2	1	186	33	100	3.34e-05	35.4
Sample:REF,Pos:4705	WP_033059225.1	28.767	73	42	1	1	189	40	112	4.75e-05	35.0
Sample:REF,Pos:4705	WP_003491790.1	33.333	69	36	2	1	177	36	104	7.53e-05	34.3
Sample:REF,Pos:4705	WP_033058995.1	30.556	72	41	1	1	189	32	103	9.66e-05	34.3
Sample:REF,Pos:4705	WP_052691695.1	44.118	34	19	0	1	102	371	404	3.72e-04	32.3
Sample:REF,Pos:4705	WP_040109191.1	31.429	70	41	2	7	198	381	449	4.47e-04	32.3
Sample:REF,Pos:4705	WP_003494915.1	34.545	55	23	2	1	135	43	94	6.88e-04	31.6
Sample:REF,Pos:4705	WP_003491106.1	35.714	70	36	2	1	183	32	101	7.82e-04	31.6
Sample:REF,Pos:4705	WP_046869768.1	24.286	70	43	1	4	183	1	70	0.001	31.2
Sample:REF,Pos:4705	WP_045884812.1	30.000	70	38	1	1	177	32	101	0.001	31.2
Sample:REF,Pos:4705	WP_033061228.1	51.724	29	14	0	1	87	42	70	0.001	30.8
Sample:REF,Pos:4705	WP_040108163.1	29.167	72	44	2	1	198	32	102	0.002	30.4
Sample:REF,Pos:4705	WP_040109198.1	28.788	66	42	1	4	186	40	105	0.003	29.6
Sample:REF,Pos:4705	WP_040108260.1	34.328	67	42	2	1	198	33	98	0.005	29.3
Sample:REF,Pos:4705	WP_040108001.1	43.137	51	21	3	1	150	34	77	0.012	28.1
Sample:REF,Pos:4705	WP_003492950.1	31.818	44	14	1	1	132	34	61	0.015	28.1
Sample:REF,Pos:4705	WP_003493351.1	28.070	57	25	1	1	171	34	74	0.020	27.7
Sample:REF,Pos:4705	WP_040108247.1	46.154	26	14	0	4	81	36	61	0.022	27.3
Sample:REF,Pos:4705	WP_046869915.1	27.778	72	45	1	1	195	34	105	0.025	27.3
Sample:REF,Pos:4705	WP_040109101.1	29.091	55	39	0	1	165	33	87	0.029	27.3
Sample:REF,Pos:4705	WP_003493359.1	34.783	46	29	1	1	138	33	77	0.036	26.9
Sample:REF,Pos:4705	WP_046869919.1	42.857	56	21	4	1	135	34	89	0.037	26.9
Sample:REF,Pos:4705	WP_046869919.1	40.741	27	16	0	1	81	294	320	1.5	22.3
Sample:REF,Pos:4705	WP_134789435.1	26.984	63	41	1	4	177	37	99	0.083	25.8
Sample:REF,Pos:4705	WP_040108298.1	39.286	28	16	1	1	81	33	60	0.096	25.8
Sample:REF,Pos:4705	WP_040108298.1	33.333	51	28	2	1	135	282	332	0.64	23.5
Sample:REF,Pos:4705	WP_003492465.1	64.286	14	5	0	1	42	33	46	0.15	25.0
Sample:REF,Pos:4705	WP_033058702.1	27.419	62	40	1	1	171	34	95	0.24	24.6
Sample:REF,Pos:4705	WP_003358207.1	50.000	20	10	0	1	60	8	27	0.47	23.9
Sample:REF,Pos:4705	WP_003495255.1	32.353	34	23	0	16	117	83	116	0.78	23.1
Sample:REF,Pos:4705	WP_046870095.1	29.032	62	39	1	1	171	34	95	0.79	23.1
Sample:REF,Pos:4705	WP_003490872.1	30.303	33	21	1	88	186	186	216	2.3	21.9
Sample:REF,Pos:4705	WP_003490946.1	61.538	13	5	0	1	39	33	45	3.3	21.6
Sample:REF,Pos:4705	WP_003491201.1	40.741	27	16	0	37	117	1	27	3.6	21.2
Sample:REF,Pos:4705	WP_040109418.1	43.750	16	9	0	1	48	8	23	5.8	20.8
Sample:REF,Pos:4705	WP_046869916.1	40.741	27	13	1	19	90	252	278	6.5	20.8
Sample:REF,Pos:4705	WP_040108469.1	40.000	30	15	1	165	76	209	235	6.6	20.8
Sample:REF,Pos:4705	WP_080941281.1	31.818	44	23	1	1	111	851	894	7.8	20.4
Sample:REF,Pos:4705	WP_003494692.1	33.333	27	18	0	1	81	33	59	8.0	20.4
Sample:REF,Pos:4705	WP_046869879.1	61.538	13	5	0	1	39	42	54	8.3	20.0
Sample:REF,Pos:4705	WP_003496715.1	61.538	13	5	0	1	39	9	21	8.7	20.4
Sample:REF,Pos:4705	WP_003492617.1	27.273	33	22	1	16	114	283	313	8.8	20.4
Sample:REF,Pos:4705	WP_003496360.1	50.000	14	7	0	1	42	142	155	9.4	20.0
Sample:REF,Pos:4705	WP_003494971.1	54.545	11	5	0	120	152	360	370	9.6	20.0
# BLAST processed 1 queries
