# BLASTX 2.4.0+
# Query: Sample:REF,Pos:4831 <unknown description>
# Database: User specified sequence set (Input: clostridium_sporogenes_protein.faa)
# Fields: query id, subject id, % identity, alignment length, mismatches, gap opens, q. start, q. end, s. start, s. end, evalue, bit score
# 44 hits found
Sample:REF,Pos:4831	WP_003490952.1	41.667	72	37	1	1	201	67	138	2.09e-14	60.1
Sample:REF,Pos:4831	WP_003490537.1	41.096	73	37	1	1	201	80	152	1.09e-12	56.2
Sample:REF,Pos:4831	WP_003493156.1	38.356	73	39	2	1	201	84	156	2.91e-10	49.7
Sample:REF,Pos:4831	WP_003483065.1	39.726	73	38	2	1	201	84	156	5.34e-10	48.5
Sample:REF,Pos:4831	WP_003492070.1	41.096	73	37	2	1	201	91	163	1.60e-09	47.4
Sample:REF,Pos:4831	WP_040109210.1	39.437	71	39	2	1	201	90	160	1.42e-08	44.7
Sample:REF,Pos:4831	WP_003494611.1	40.845	71	38	2	1	201	90	160	1.72e-08	44.7
Sample:REF,Pos:4831	WP_003490356.1	36.620	71	41	1	1	201	90	160	5.55e-08	43.1
Sample:REF,Pos:4831	WP_077272573.1	37.838	74	39	2	1	201	83	156	7.30e-08	42.7
Sample:REF,Pos:4831	WP_045884812.1	37.838	74	39	2	1	201	85	158	2.31e-07	41.6
Sample:REF,Pos:4831	WP_033058995.1	41.096	73	37	2	1	201	83	155	2.61e-07	41.2
Sample:REF,Pos:4831	WP_040109546.1	37.681	69	40	2	1	201	89	156	3.93e-07	40.8
Sample:REF,Pos:4831	WP_003491106.1	36.486	74	39	3	1	201	83	155	7.48e-07	40.0
Sample:REF,Pos:4831	WP_033058457.1	36.486	74	39	3	1	201	90	162	2.04e-06	38.9
Sample:REF,Pos:4831	WP_040108466.1	34.247	73	42	2	1	201	91	163	2.17e-06	38.9
Sample:REF,Pos:4831	WP_033059479.1	36.364	77	39	3	1	201	93	169	3.30e-06	38.1
Sample:REF,Pos:4831	WP_033059479.1	40.541	37	22	0	91	201	441	477	0.010	28.5
Sample:REF,Pos:4831	WP_003491121.1	36.620	71	38	2	1	201	89	156	1.83e-05	36.2
Sample:REF,Pos:4831	WP_003491790.1	31.507	73	44	2	1	201	88	160	2.83e-05	35.4
Sample:REF,Pos:4831	WP_003490956.1	45.714	35	19	0	97	201	129	163	6.05e-05	34.7
Sample:REF,Pos:4831	WP_033061228.1	36.735	49	30	1	58	201	121	169	9.76e-05	34.3
Sample:REF,Pos:4831	WP_046869768.1	34.286	70	40	3	1	192	52	121	2.04e-04	33.1
Sample:REF,Pos:4831	WP_003493442.1	31.507	73	44	3	1	201	92	164	3.04e-04	32.7
Sample:REF,Pos:4831	WP_033059225.1	28.378	74	45	2	1	201	92	164	5.82e-04	32.0
Sample:REF,Pos:4831	WP_040109191.1	35.294	68	30	3	37	201	438	504	0.001	30.8
Sample:REF,Pos:4831	WP_033061250.1	40.789	76	33	4	1	201	96	168	0.002	30.0
Sample:REF,Pos:4831	WP_040108001.1	31.915	47	32	0	61	201	96	142	0.003	30.0
Sample:REF,Pos:4831	WP_003493029.1	31.343	67	40	1	19	201	102	168	0.003	30.0
Sample:REF,Pos:4831	WP_040109101.1	35.556	45	29	0	64	198	112	156	0.005	29.3
Sample:REF,Pos:4831	WP_003492493.1	31.944	72	44	1	1	201	88	159	0.017	27.7
Sample:REF,Pos:4831	WP_003493351.1	39.130	46	28	0	61	198	112	157	0.023	27.3
Sample:REF,Pos:4831	WP_004461542.1	60.000	20	8	0	142	201	144	163	0.028	27.3
Sample:REF,Pos:4831	WP_003494915.1	54.545	22	10	0	136	201	144	165	0.071	26.2
Sample:REF,Pos:4831	WP_046869919.1	30.189	53	36	1	43	201	109	160	0.36	24.3
Sample:REF,Pos:4831	WP_003492950.1	32.609	46	31	0	61	198	112	157	0.61	23.5
Sample:REF,Pos:4831	WP_003491615.1	42.105	38	20	1	16	123	84	121	0.95	23.1
Sample:REF,Pos:4831	WP_003490201.1	42.857	35	20	0	113	9	43	77	3.4	21.6
Sample:REF,Pos:4831	WP_033060878.1	28.205	39	28	0	128	12	153	191	4.5	21.2
Sample:REF,Pos:4831	WP_040108260.1	27.778	36	26	0	91	198	111	146	6.0	20.8
Sample:REF,Pos:4831	WP_030035449.1	50.000	16	8	0	130	177	148	163	6.8	20.4
Sample:REF,Pos:4831	WP_003496301.1	60.000	10	4	0	55	84	98	107	7.8	20.4
Sample:REF,Pos:4831	WP_003493575.1	47.059	17	9	0	160	110	13	29	8.9	20.0
Sample:REF,Pos:4831	WP_003494103.1	29.412	17	12	0	122	172	26	42	9.1	19.6
Sample:REF,Pos:4831	WP_003491542.1	41.667	12	7	0	102	137	246	257	9.1	20.0
# BLAST processed 1 queries
