# BLASTX 2.4.0+
# Query: Sample:REF,Pos:4712 <unknown description>
# Database: User specified sequence set (Input: clostridium_sporogenes_protein.faa)
# Fields: query id, subject id, % identity, alignment length, mismatches, gap opens, q. start, q. end, s. start, s. end, evalue, bit score
# 53 hits found
Sample:REF,Pos:4712	WP_003490537.1	37.879	66	38	2	6	197	41	105	2.23e-11	52.8
Sample:REF,Pos:4712	WP_033061250.1	40.909	66	29	1	3	170	47	112	6.47e-11	51.2
Sample:REF,Pos:4712	WP_003494611.1	36.364	77	37	3	6	200	42	118	3.89e-09	46.2
Sample:REF,Pos:4712	WP_003490952.1	42.373	59	28	1	6	182	35	87	2.30e-08	43.9
Sample:REF,Pos:4712	WP_003493156.1	35.294	68	40	1	6	197	42	109	2.95e-08	43.9
Sample:REF,Pos:4712	WP_003490356.1	41.538	65	28	1	6	170	42	106	5.14e-08	43.1
Sample:REF,Pos:4712	WP_003483065.1	36.486	74	38	1	6	200	37	110	9.20e-08	42.4
Sample:REF,Pos:4712	WP_040109210.1	41.538	65	28	1	6	170	42	106	9.53e-08	42.4
Sample:REF,Pos:4712	WP_003490956.1	40.299	67	26	2	6	170	43	107	1.06e-06	39.7
Sample:REF,Pos:4712	WP_077272573.1	34.848	66	30	2	6	170	36	99	4.51e-06	37.7
Sample:REF,Pos:4712	WP_040108466.1	34.783	69	35	2	6	182	43	111	1.15e-05	36.6
Sample:REF,Pos:4712	WP_003492070.1	36.232	69	34	2	6	182	43	111	1.33e-05	36.6
Sample:REF,Pos:4712	WP_003493442.1	32.836	67	31	2	6	170	44	108	2.32e-05	35.8
Sample:REF,Pos:4712	WP_003491121.1	34.615	78	37	2	6	197	41	118	4.39e-05	35.0
Sample:REF,Pos:4712	WP_033058457.1	31.429	70	38	1	3	182	41	110	1.00e-04	33.9
Sample:REF,Pos:4712	WP_003492493.1	31.944	72	35	2	6	185	40	109	1.96e-04	33.1
Sample:REF,Pos:4712	WP_003494485.1	40.323	62	33	3	6	179	36	97	2.10e-04	33.1
Sample:REF,Pos:4712	WP_004461542.1	37.143	70	32	4	6	182	38	106	2.72e-04	32.7
Sample:REF,Pos:4712	WP_040109546.1	32.857	70	27	2	6	170	41	105	2.89e-04	32.7
Sample:REF,Pos:4712	WP_003496432.1	32.812	64	37	2	6	179	37	100	0.001	30.8
Sample:REF,Pos:4712	WP_040109191.1	30.882	68	40	2	6	191	383	449	0.001	30.8
Sample:REF,Pos:4712	WP_033059225.1	27.536	69	40	1	6	182	44	112	0.002	30.8
Sample:REF,Pos:4712	WP_003491790.1	32.308	65	34	2	6	170	40	104	0.002	30.4
Sample:REF,Pos:4712	WP_033058995.1	29.114	79	42	2	6	200	36	114	0.002	30.0
Sample:REF,Pos:4712	WP_003491106.1	36.364	66	33	2	6	176	36	101	0.004	29.6
Sample:REF,Pos:4712	WP_046869768.1	23.881	67	41	1	6	176	4	70	0.007	28.9
Sample:REF,Pos:4712	WP_052691695.1	41.935	31	18	0	3	95	374	404	0.013	28.1
Sample:REF,Pos:4712	WP_045884812.1	30.303	66	35	1	6	170	36	101	0.016	27.7
Sample:REF,Pos:4712	WP_033061228.1	56.000	25	11	0	6	80	46	70	0.018	27.7
Sample:REF,Pos:4712	WP_040109198.1	28.571	63	40	1	6	179	43	105	0.019	27.7
Sample:REF,Pos:4712	WP_003494915.1	30.769	52	23	2	3	128	46	94	0.068	26.2
Sample:REF,Pos:4712	WP_040108163.1	27.941	68	42	2	6	191	36	102	0.077	25.8
Sample:REF,Pos:4712	WP_040108247.1	47.826	23	12	0	6	74	39	61	0.089	25.8
Sample:REF,Pos:4712	WP_046869915.1	26.471	68	43	1	6	188	38	105	0.25	24.6
Sample:REF,Pos:4712	WP_040108260.1	31.746	63	41	2	6	191	37	98	0.26	24.3
Sample:REF,Pos:4712	WP_003492950.1	30.000	40	12	1	6	125	38	61	0.30	24.3
Sample:REF,Pos:4712	WP_046869919.1	68.750	16	5	0	3	50	37	52	0.30	24.3
Sample:REF,Pos:4712	WP_040109101.1	29.412	51	36	0	6	158	37	87	0.39	23.9
Sample:REF,Pos:4712	WP_003493351.1	26.415	53	23	1	6	164	38	74	0.55	23.5
Sample:REF,Pos:4712	WP_003493359.1	33.333	42	27	1	6	131	37	77	0.76	23.1
Sample:REF,Pos:4712	WP_040108001.1	40.426	47	20	3	6	143	38	77	0.95	22.7
Sample:REF,Pos:4712	WP_003495255.1	32.353	34	23	0	9	110	83	116	0.95	22.7
Sample:REF,Pos:4712	WP_134789435.1	25.000	60	40	1	6	170	40	99	1.1	22.7
Sample:REF,Pos:4712	WP_040108298.1	40.000	25	14	1	3	74	36	60	1.1	22.7
Sample:REF,Pos:4712	WP_003492465.1	80.000	10	2	0	6	35	37	46	1.4	22.3
Sample:REF,Pos:4712	WP_003490872.1	25.641	39	27	1	81	197	186	222	2.0	21.9
Sample:REF,Pos:4712	WP_003491201.1	40.741	27	16	0	30	110	1	27	3.7	21.2
Sample:REF,Pos:4712	WP_003492617.1	26.230	61	35	3	45	197	210	270	4.5	21.2
Sample:REF,Pos:4712	WP_003492617.1	27.273	33	22	1	9	107	283	313	8.5	20.4
Sample:REF,Pos:4712	WP_040108469.1	40.000	30	15	1	158	69	209	235	6.4	20.8
Sample:REF,Pos:4712	WP_046869916.1	40.741	27	13	1	12	83	252	278	6.6	20.4
Sample:REF,Pos:4712	WP_033058702.1	25.862	58	38	1	6	164	38	95	7.6	20.4
Sample:REF,Pos:4712	WP_003494971.1	54.545	11	5	0	113	145	360	370	9.6	20.0
# BLAST processed 1 queries
