# BLASTX 2.4.0+
# Query: Sample:N1,Pos:4832 <unknown description>
# Database: User specified sequence set (Input: clostridium_sporogenes_protein.faa)
# Fields: query id, subject id, % identity, alignment length, mismatches, gap opens, q. start, q. end, s. start, s. end, evalue, bit score
# 44 hits found
Sample:N1,Pos:4832	WP_003490952.1	42.857	70	35	1	3	197	68	137	1.07e-13	58.2
Sample:N1,Pos:4832	WP_003490537.1	40.278	72	37	1	3	200	81	152	6.01e-12	54.3
Sample:N1,Pos:4832	WP_003493156.1	37.500	72	39	2	3	200	85	156	1.22e-09	47.8
Sample:N1,Pos:4832	WP_003492070.1	40.278	72	37	2	3	200	92	163	5.72e-09	45.8
Sample:N1,Pos:4832	WP_003483065.1	37.500	72	39	2	3	200	85	156	6.03e-09	45.8
Sample:N1,Pos:4832	WP_040109210.1	40.000	70	38	2	3	200	91	160	2.31e-08	44.3
Sample:N1,Pos:4832	WP_003494611.1	41.429	70	37	2	3	200	91	160	5.14e-08	43.1
Sample:N1,Pos:4832	WP_003490356.1	38.571	70	39	2	3	200	91	160	1.41e-07	42.0
Sample:N1,Pos:4832	WP_045884812.1	55.263	38	14	1	96	200	121	158	2.27e-07	41.6
Sample:N1,Pos:4832	WP_077272573.1	36.986	73	39	2	3	200	84	156	2.36e-07	41.2
Sample:N1,Pos:4832	WP_033058995.1	41.667	72	36	2	3	200	84	155	6.15e-07	40.4
Sample:N1,Pos:4832	WP_040109546.1	38.235	68	39	2	3	200	90	156	1.17e-06	39.3
Sample:N1,Pos:4832	WP_033058457.1	36.986	73	38	2	3	200	91	162	1.32e-06	39.3
Sample:N1,Pos:4832	WP_003491106.1	36.986	73	38	3	3	200	84	155	1.96e-06	38.9
Sample:N1,Pos:4832	WP_033059479.1	38.961	77	35	4	3	200	94	169	4.06e-06	38.1
Sample:N1,Pos:4832	WP_033059479.1	40.541	37	22	0	90	200	441	477	0.010	28.5
Sample:N1,Pos:4832	WP_040108466.1	33.333	72	42	2	3	200	92	163	1.96e-05	36.2
Sample:N1,Pos:4832	WP_003490956.1	45.714	35	19	0	96	200	129	163	3.96e-05	35.0
Sample:N1,Pos:4832	WP_003493442.1	33.333	72	42	3	3	200	93	164	1.60e-04	33.5
Sample:N1,Pos:4832	WP_003491790.1	30.556	72	44	2	3	200	89	160	2.70e-04	32.7
Sample:N1,Pos:4832	WP_033061228.1	34.694	49	31	1	57	200	121	169	2.92e-04	32.7
Sample:N1,Pos:4832	WP_040108001.1	34.043	47	31	0	60	200	96	142	5.96e-04	32.0
Sample:N1,Pos:4832	WP_046869768.1	33.333	69	40	3	3	191	53	121	0.001	31.2
Sample:N1,Pos:4832	WP_040109191.1	35.294	68	30	3	36	200	438	504	0.001	31.2
Sample:N1,Pos:4832	WP_033059225.1	28.767	73	44	2	3	200	93	164	0.002	30.8
Sample:N1,Pos:4832	WP_040109101.1	35.556	45	29	0	63	197	112	156	0.005	29.3
Sample:N1,Pos:4832	WP_004461542.1	60.000	20	8	0	141	200	144	163	0.007	28.9
Sample:N1,Pos:4832	WP_003493029.1	29.851	67	41	1	18	200	102	168	0.009	28.5
Sample:N1,Pos:4832	WP_003493351.1	39.130	46	28	0	60	197	112	157	0.013	28.1
Sample:N1,Pos:4832	WP_033061250.1	65.000	20	7	0	141	200	149	168	0.027	27.3
Sample:N1,Pos:4832	WP_003492493.1	32.394	71	43	1	3	200	89	159	0.054	26.2
Sample:N1,Pos:4832	WP_003494915.1	54.545	22	10	0	135	200	144	165	0.077	25.8
Sample:N1,Pos:4832	WP_046869919.1	30.189	53	36	1	42	200	109	160	0.23	24.6
Sample:N1,Pos:4832	WP_003492950.1	32.609	46	31	0	60	197	112	157	0.35	24.3
Sample:N1,Pos:4832	WP_003494692.1	28.889	45	32	0	63	197	112	156	0.92	23.1
Sample:N1,Pos:4832	WP_003491615.1	42.105	38	20	1	15	122	84	121	1.2	22.7
Sample:N1,Pos:4832	WP_003486039.1	34.615	26	17	0	60	137	1	26	1.3	22.3
Sample:N1,Pos:4832	WP_033060652.1	38.462	26	16	0	30	107	31	56	1.9	21.9
Sample:N1,Pos:4832	WP_030035449.1	50.000	16	8	0	129	176	148	163	5.6	20.8
Sample:N1,Pos:4832	WP_040108260.1	27.778	36	26	0	90	197	111	146	6.0	20.8
Sample:N1,Pos:4832	WP_040108176.1	47.368	19	10	0	66	122	81	99	6.9	20.4
Sample:N1,Pos:4832	WP_003494103.1	29.412	17	12	0	121	171	26	42	8.0	20.0
Sample:N1,Pos:4832	WP_003496301.1	60.000	10	4	0	54	83	98	107	8.7	20.0
Sample:N1,Pos:4832	WP_003493575.1	47.059	17	9	0	159	109	13	29	9.2	20.0
# BLAST processed 1 queries
