# BLASTX 2.4.0+
# Query: Sample:N2,Pos:40118 <unknown description>
# Database: User specified sequence set (Input: lactobacillus_johnsonii_protein.faa)
# Fields: query id, subject id, % identity, alignment length, mismatches, gap opens, q. start, q. end, s. start, s. end, evalue, bit score
# 47 hits found
Sample:N2,Pos:40118	WP_113886670.1	95.238	42	2	0	3	128	1406	1447	7.12e-20	72.0
Sample:N2,Pos:40118	WP_113886670.1	100.000	17	0	0	130	180	1449	1465	7.12e-20	35.8
Sample:N2,Pos:40118	WP_113886670.1	92.857	42	3	0	3	128	1334	1375	1.95e-19	70.5
Sample:N2,Pos:40118	WP_113886670.1	100.000	17	0	0	130	180	1389	1405	1.95e-19	35.8
Sample:N2,Pos:40118	WP_113886670.1	90.476	42	4	0	3	128	1376	1417	5.56e-19	68.9
Sample:N2,Pos:40118	WP_113886670.1	100.000	17	0	0	130	180	1419	1435	5.56e-19	35.8
Sample:N2,Pos:40118	WP_113886670.1	88.095	42	5	0	3	128	1352	1393	1.52e-18	67.4
Sample:N2,Pos:40118	WP_113886670.1	100.000	17	0	0	130	180	1407	1423	1.52e-18	35.8
Sample:N2,Pos:40118	WP_113886670.1	88.095	42	5	0	3	128	1388	1429	1.68e-18	67.4
Sample:N2,Pos:40118	WP_113886670.1	100.000	17	0	0	130	180	1437	1453	1.68e-18	35.8
Sample:N2,Pos:40118	WP_113886670.1	85.714	42	6	0	3	128	1346	1387	1.19e-17	65.9
Sample:N2,Pos:40118	WP_113886670.1	85.714	42	6	0	3	128	1364	1405	1.19e-17	65.9
Sample:N2,Pos:40118	WP_113886670.1	94.118	17	1	0	130	180	1395	1411	1.19e-17	34.7
Sample:N2,Pos:40118	WP_113886670.1	94.118	17	1	0	130	180	1425	1441	1.19e-17	34.7
Sample:N2,Pos:40118	WP_113886670.1	85.714	42	6	0	3	128	1394	1435	3.64e-17	65.5
Sample:N2,Pos:40118	WP_113886670.1	88.235	17	2	0	130	180	1431	1447	3.64e-17	33.1
Sample:N2,Pos:40118	WP_113886670.1	90.476	42	4	0	3	128	1418	1459	5.39e-17	68.9
Sample:N2,Pos:40118	WP_113886670.1	86.667	15	2	0	130	174	1455	1469	5.39e-17	29.3
Sample:N2,Pos:40118	WP_113886670.1	89.474	38	4	0	15	128	1326	1363	8.87e-17	61.6
Sample:N2,Pos:40118	WP_113886670.1	100.000	17	0	0	130	180	1365	1381	8.87e-17	35.8
Sample:N2,Pos:40118	WP_113886670.1	83.333	42	7	0	3	128	1340	1381	9.94e-17	64.3
Sample:N2,Pos:40118	WP_113886670.1	88.235	17	2	0	130	180	1401	1417	9.94e-17	33.1
Sample:N2,Pos:40118	WP_113886670.1	83.333	42	7	0	3	128	1400	1441	1.14e-16	63.9
Sample:N2,Pos:40118	WP_113886670.1	88.235	17	2	0	130	180	1443	1459	1.14e-16	33.1
Sample:N2,Pos:40118	WP_113886670.1	80.952	42	8	0	3	128	1370	1411	2.83e-16	62.8
Sample:N2,Pos:40118	WP_113886670.1	88.235	17	2	0	130	180	1413	1429	2.83e-16	33.1
Sample:N2,Pos:40118	WP_113886670.1	85.714	42	6	0	3	128	1424	1465	7.68e-16	65.5
Sample:N2,Pos:40118	WP_113886670.1	80.488	41	8	0	6	128	1329	1369	2.21e-15	60.5
Sample:N2,Pos:40118	WP_113886670.1	88.235	17	2	0	130	180	1377	1393	2.21e-15	32.0
Sample:N2,Pos:40118	WP_113886670.1	87.179	39	5	0	3	119	1430	1468	3.01e-15	63.9
Sample:N2,Pos:40118	WP_113886670.1	80.952	42	8	0	3	128	1382	1423	8.91e-15	62.8
Sample:N2,Pos:40118	WP_113886670.1	80.952	42	8	0	3	128	1412	1453	1.00e-14	62.4
Sample:N2,Pos:40118	WP_113886670.1	78.571	42	9	0	3	128	1358	1399	2.96e-14	61.2
Sample:N2,Pos:40118	WP_113886670.1	94.118	34	2	0	3	104	1436	1469	6.93e-14	60.1
Sample:N2,Pos:40118	WP_113886670.1	75.676	37	9	0	18	128	1321	1357	2.04e-13	50.1
Sample:N2,Pos:40118	WP_113886670.1	100.000	17	0	0	130	180	1353	1369	2.04e-13	35.8
Sample:N2,Pos:40118	WP_113886670.1	100.000	17	0	0	130	180	1335	1351	2.67e-05	35.8
Sample:N2,Pos:40118	WP_113886670.1	94.118	17	1	0	130	180	1347	1363	9.16e-05	34.3
Sample:N2,Pos:40118	WP_113886670.1	88.235	17	2	0	130	180	1329	1345	2.74e-04	33.1
Sample:N2,Pos:40118	WP_113886670.1	88.235	17	2	0	130	180	1341	1357	2.74e-04	33.1
Sample:N2,Pos:40118	WP_113886670.1	88.235	17	2	0	130	180	1359	1375	2.74e-04	33.1
Sample:N2,Pos:40118	WP_113886670.1	88.235	17	2	0	130	180	1383	1399	5.68e-04	32.0
Sample:N2,Pos:40118	WP_113886670.1	82.353	17	3	0	130	180	1371	1387	0.002	30.8
Sample:N2,Pos:40118	WP_113886670.1	86.667	15	2	0	136	180	1325	1339	0.007	28.9
Sample:N2,Pos:40118	WP_113886625.1	36.842	38	20	1	72	185	518	551	2.3	21.9
Sample:N2,Pos:40118	WP_086874545.1	100.000	7	0	0	181	201	18	24	4.2	21.2
Sample:N2,Pos:40118	WP_086874599.1	100.000	7	0	0	159	139	332	338	6.7	20.8
# BLAST processed 1 queries
