# BLASTX 2.4.0+
# Query: Sample:N2,Pos:40124 <unknown description>
# Database: User specified sequence set (Input: lactobacillus_johnsonii_protein.faa)
# Fields: query id, subject id, % identity, alignment length, mismatches, gap opens, q. start, q. end, s. start, s. end, evalue, bit score
# 47 hits found
Sample:N2,Pos:40124	WP_113886670.1	95.000	40	2	0	3	122	1408	1447	1.06e-18	68.6
Sample:N2,Pos:40124	WP_113886670.1	100.000	17	0	0	124	174	1449	1465	1.06e-18	35.4
Sample:N2,Pos:40124	WP_113886670.1	92.500	40	3	0	3	122	1336	1375	3.03e-18	67.0
Sample:N2,Pos:40124	WP_113886670.1	100.000	17	0	0	124	174	1389	1405	3.03e-18	35.4
Sample:N2,Pos:40124	WP_113886670.1	90.000	40	4	0	3	122	1390	1429	8.92e-18	65.1
Sample:N2,Pos:40124	WP_113886670.1	100.000	17	0	0	124	174	1437	1453	8.92e-18	35.4
Sample:N2,Pos:40124	WP_113886670.1	90.000	40	4	0	3	122	1354	1393	8.99e-18	65.1
Sample:N2,Pos:40124	WP_113886670.1	90.000	40	4	0	3	122	1378	1417	8.99e-18	65.1
Sample:N2,Pos:40124	WP_113886670.1	100.000	17	0	0	124	174	1407	1423	8.99e-18	35.4
Sample:N2,Pos:40124	WP_113886670.1	100.000	17	0	0	124	174	1419	1435	8.99e-18	35.4
Sample:N2,Pos:40124	WP_113886670.1	87.179	39	5	0	6	122	1325	1363	1.04e-16	61.6
Sample:N2,Pos:40124	WP_113886670.1	100.000	17	0	0	124	174	1365	1381	1.04e-16	35.4
Sample:N2,Pos:40124	WP_113886670.1	87.500	40	5	0	3	122	1396	1435	1.81e-16	63.5
Sample:N2,Pos:40124	WP_113886670.1	88.235	17	2	0	124	174	1431	1447	1.81e-16	32.7
Sample:N2,Pos:40124	WP_113886670.1	85.000	40	6	0	3	122	1342	1381	1.85e-16	62.0
Sample:N2,Pos:40124	WP_113886670.1	94.118	17	1	0	124	174	1395	1411	1.85e-16	34.3
Sample:N2,Pos:40124	WP_113886670.1	85.000	40	6	0	3	122	1348	1387	1.87e-16	62.0
Sample:N2,Pos:40124	WP_113886670.1	94.118	17	1	0	124	174	1425	1441	1.87e-16	34.3
Sample:N2,Pos:40124	WP_113886670.1	85.000	40	6	0	3	122	1366	1405	5.18e-16	62.0
Sample:N2,Pos:40124	WP_113886670.1	88.235	17	2	0	124	174	1401	1417	5.18e-16	32.7
Sample:N2,Pos:40124	WP_113886670.1	90.000	40	4	0	3	122	1420	1459	7.41e-16	65.1
Sample:N2,Pos:40124	WP_113886670.1	86.667	15	2	0	124	168	1455	1469	7.41e-16	28.9
Sample:N2,Pos:40124	WP_113886670.1	82.500	40	7	0	3	122	1402	1441	1.51e-15	60.5
Sample:N2,Pos:40124	WP_113886670.1	88.235	17	2	0	124	174	1443	1459	1.51e-15	32.7
Sample:N2,Pos:40124	WP_113886670.1	82.500	40	7	0	3	122	1372	1411	1.52e-15	60.5
Sample:N2,Pos:40124	WP_113886670.1	88.235	17	2	0	124	174	1413	1429	1.52e-15	32.7
Sample:N2,Pos:40124	WP_113886670.1	87.500	40	5	0	3	122	1426	1465	3.74e-15	63.5
Sample:N2,Pos:40124	WP_113886670.1	80.000	40	8	0	3	122	1330	1369	7.10e-15	58.9
Sample:N2,Pos:40124	WP_113886670.1	88.235	17	2	0	124	174	1377	1393	7.10e-15	32.0
Sample:N2,Pos:40124	WP_113886670.1	82.500	40	7	0	3	122	1414	1453	4.74e-14	60.5
Sample:N2,Pos:40124	WP_113886670.1	82.500	40	7	0	3	122	1384	1423	4.78e-14	60.5
Sample:N2,Pos:40124	WP_113886670.1	86.486	37	5	0	3	113	1432	1468	5.17e-14	60.5
Sample:N2,Pos:40124	WP_113886670.1	80.000	40	8	0	3	122	1360	1399	1.67e-13	58.9
Sample:N2,Pos:40124	WP_113886670.1	75.676	37	9	0	12	122	1321	1357	2.42e-13	50.1
Sample:N2,Pos:40124	WP_113886670.1	100.000	17	0	0	124	174	1353	1369	2.42e-13	35.4
Sample:N2,Pos:40124	WP_113886670.1	93.750	32	2	0	3	98	1438	1469	1.34e-12	56.6
Sample:N2,Pos:40124	WP_113886670.1	100.000	17	0	0	124	174	1335	1351	3.73e-05	35.4
Sample:N2,Pos:40124	WP_113886670.1	94.118	17	1	0	124	174	1347	1363	1.28e-04	33.9
Sample:N2,Pos:40124	WP_113886670.1	88.235	17	2	0	124	174	1329	1345	3.83e-04	32.7
Sample:N2,Pos:40124	WP_113886670.1	88.235	17	2	0	124	174	1341	1357	3.83e-04	32.7
Sample:N2,Pos:40124	WP_113886670.1	88.235	17	2	0	124	174	1359	1375	3.83e-04	32.7
Sample:N2,Pos:40124	WP_113886670.1	88.235	17	2	0	124	174	1383	1399	7.06e-04	32.0
Sample:N2,Pos:40124	WP_113886670.1	82.353	17	3	0	124	174	1371	1387	0.002	30.4
Sample:N2,Pos:40124	WP_113886670.1	86.667	15	2	0	130	174	1325	1339	0.010	28.5
Sample:N2,Pos:40124	WP_086874545.1	100.000	9	0	0	175	201	18	26	0.14	25.4
Sample:N2,Pos:40124	WP_113886625.1	36.842	38	20	1	66	179	518	551	2.4	21.9
Sample:N2,Pos:40124	WP_086874599.1	100.000	7	0	0	153	133	332	338	5.9	20.8
# BLAST processed 1 queries
