# BLASTX 2.4.0+
# Query: Sample:N2,Pos:40088 <unknown description>
# Database: User specified sequence set (Input: lactobacillus_johnsonii_protein.faa)
# Fields: query id, subject id, % identity, alignment length, mismatches, gap opens, q. start, q. end, s. start, s. end, evalue, bit score
# 41 hits found
Sample:N2,Pos:40088	WP_113886670.1	94.231	52	3	0	3	158	1396	1447	3.04e-23	86.7
Sample:N2,Pos:40088	WP_113886670.1	92.308	52	4	0	3	158	1366	1417	9.89e-23	85.1
Sample:N2,Pos:40088	WP_113886670.1	92.308	52	4	0	3	158	1408	1459	1.12e-22	85.1
Sample:N2,Pos:40088	WP_113886670.1	88.462	52	6	0	3	158	1336	1387	1.39e-21	82.0
Sample:N2,Pos:40088	WP_113886670.1	88.462	52	6	0	3	158	1342	1393	1.39e-21	82.0
Sample:N2,Pos:40088	WP_113886670.1	88.462	52	6	0	3	158	1354	1405	1.39e-21	82.0
Sample:N2,Pos:40088	WP_113886670.1	88.462	52	6	0	3	158	1378	1429	1.39e-21	82.0
Sample:N2,Pos:40088	WP_113886670.1	90.196	51	5	0	6	158	1325	1375	2.26e-21	81.3
Sample:N2,Pos:40088	WP_113886670.1	86.538	52	7	0	3	158	1384	1435	5.27e-21	80.5
Sample:N2,Pos:40088	WP_113886670.1	89.796	49	5	0	3	149	1420	1468	5.92e-21	80.1
Sample:N2,Pos:40088	WP_113886670.1	86.538	52	7	0	3	158	1414	1465	5.98e-21	80.1
Sample:N2,Pos:40088	WP_113886670.1	84.615	52	8	0	3	158	1330	1381	2.21e-20	78.6
Sample:N2,Pos:40088	WP_113886670.1	82.692	52	9	0	3	158	1348	1399	7.18e-20	77.0
Sample:N2,Pos:40088	WP_113886670.1	82.692	52	9	0	3	158	1372	1423	7.39e-20	77.0
Sample:N2,Pos:40088	WP_113886670.1	82.692	52	9	0	3	158	1402	1453	8.39e-20	77.0
Sample:N2,Pos:40088	WP_113886670.1	93.182	44	3	0	3	134	1426	1469	2.45e-19	75.5
Sample:N2,Pos:40088	WP_113886670.1	73.469	49	13	0	12	158	1321	1369	5.53e-16	64.7
Sample:N2,Pos:40088	WP_113886670.1	100.000	14	0	0	160	201	1365	1378	5.53e-16	30.0
Sample:N2,Pos:40088	WP_113886670.1	100.000	14	0	0	160	201	1335	1348	0.003	30.0
Sample:N2,Pos:40088	WP_113886670.1	100.000	14	0	0	160	201	1353	1366	0.003	30.0
Sample:N2,Pos:40088	WP_113886670.1	100.000	14	0	0	160	201	1389	1402	0.003	30.0
Sample:N2,Pos:40088	WP_113886670.1	100.000	14	0	0	160	201	1407	1420	0.003	30.0
Sample:N2,Pos:40088	WP_113886670.1	100.000	14	0	0	160	201	1419	1432	0.003	30.0
Sample:N2,Pos:40088	WP_113886670.1	100.000	14	0	0	160	201	1437	1450	0.003	30.0
Sample:N2,Pos:40088	WP_113886670.1	100.000	14	0	0	160	201	1449	1462	0.003	30.0
Sample:N2,Pos:40088	WP_113886670.1	92.857	14	1	0	160	201	1347	1360	0.011	28.5
Sample:N2,Pos:40088	WP_113886670.1	92.857	14	1	0	160	201	1395	1408	0.012	28.5
Sample:N2,Pos:40088	WP_113886670.1	92.857	14	1	0	160	201	1425	1438	0.012	28.5
Sample:N2,Pos:40088	WP_113886670.1	85.714	14	2	0	160	201	1329	1342	0.037	26.9
Sample:N2,Pos:40088	WP_113886670.1	85.714	14	2	0	160	201	1341	1354	0.037	26.9
Sample:N2,Pos:40088	WP_113886670.1	85.714	14	2	0	160	201	1359	1372	0.037	26.9
Sample:N2,Pos:40088	WP_113886670.1	85.714	14	2	0	160	201	1371	1384	0.037	26.9
Sample:N2,Pos:40088	WP_113886670.1	85.714	14	2	0	160	201	1401	1414	0.037	26.9
Sample:N2,Pos:40088	WP_113886670.1	85.714	14	2	0	160	201	1413	1426	0.037	26.9
Sample:N2,Pos:40088	WP_113886670.1	85.714	14	2	0	160	201	1431	1444	0.037	26.9
Sample:N2,Pos:40088	WP_113886670.1	85.714	14	2	0	160	201	1443	1456	0.037	26.9
Sample:N2,Pos:40088	WP_113886670.1	85.714	14	2	0	160	201	1455	1468	0.037	26.9
Sample:N2,Pos:40088	WP_113886670.1	85.714	14	2	0	160	201	1377	1390	0.058	26.6
Sample:N2,Pos:40088	WP_113886670.1	85.714	14	2	0	160	201	1383	1396	0.058	26.6
Sample:N2,Pos:40088	WP_113886670.1	83.333	12	2	0	166	201	1325	1336	1.00	23.1
Sample:N2,Pos:40088	WP_113886670.1	100.000	9	0	0	160	186	1461	1469	6.5	20.8
# BLAST processed 1 queries
