# BLASTX 2.4.0+
# Query: Sample:N2,Pos:40197 <unknown description>
# Database: User specified sequence set (Input: lactobacillus_johnsonii_protein.faa)
# Fields: query id, subject id, % identity, alignment length, mismatches, gap opens, q. start, q. end, s. start, s. end, evalue, bit score
# 50 hits found
Sample:N2,Pos:40197	WP_086874545.1	96.970	33	1	0	102	200	18	50	1.37e-18	72.8
Sample:N2,Pos:40197	WP_113886670.1	100.000	17	0	0	51	101	1353	1369	4.15e-08	37.7
Sample:N2,Pos:40197	WP_113886670.1	100.000	17	0	0	51	101	1365	1381	4.15e-08	37.7
Sample:N2,Pos:40197	WP_113886670.1	100.000	17	0	0	51	101	1389	1405	4.15e-08	37.7
Sample:N2,Pos:40197	WP_113886670.1	100.000	17	0	0	51	101	1419	1435	4.15e-08	37.7
Sample:N2,Pos:40197	WP_113886670.1	100.000	17	0	0	51	101	1437	1453	4.15e-08	37.7
Sample:N2,Pos:40197	WP_113886670.1	100.000	17	0	0	51	101	1449	1465	4.15e-08	37.7
Sample:N2,Pos:40197	WP_113886670.1	93.750	16	1	0	2	49	1330	1345	4.15e-08	30.0
Sample:N2,Pos:40197	WP_113886670.1	93.750	16	1	0	2	49	1342	1357	4.15e-08	30.0
Sample:N2,Pos:40197	WP_113886670.1	93.750	16	1	0	2	49	1360	1375	4.15e-08	30.0
Sample:N2,Pos:40197	WP_113886670.1	93.750	16	1	0	2	49	1402	1417	4.15e-08	30.0
Sample:N2,Pos:40197	WP_113886670.1	93.750	16	1	0	2	49	1414	1429	4.15e-08	30.0
Sample:N2,Pos:40197	WP_113886670.1	93.750	16	1	0	2	49	1432	1447	4.15e-08	30.0
Sample:N2,Pos:40197	WP_113886670.1	100.000	17	0	0	51	101	1407	1423	1.11e-07	37.7
Sample:N2,Pos:40197	WP_113886670.1	87.500	16	2	0	2	49	1396	1411	1.11e-07	28.5
Sample:N2,Pos:40197	WP_113886670.1	94.118	17	1	0	51	101	1395	1411	2.61e-07	36.6
Sample:N2,Pos:40197	WP_113886670.1	87.500	16	2	0	2	49	1348	1363	2.61e-07	28.5
Sample:N2,Pos:40197	WP_113886670.1	94.118	17	1	0	51	101	1425	1441	3.69e-07	36.6
Sample:N2,Pos:40197	WP_113886670.1	100.000	13	0	0	2	40	1372	1384	3.69e-07	28.1
Sample:N2,Pos:40197	WP_113886670.1	88.235	17	2	0	51	101	1443	1459	7.06e-07	35.0
Sample:N2,Pos:40197	WP_113886670.1	87.500	16	2	0	2	49	1426	1441	7.06e-07	28.5
Sample:N2,Pos:40197	WP_113886670.1	94.118	17	1	0	51	101	1347	1363	7.23e-07	36.2
Sample:N2,Pos:40197	WP_113886670.1	81.250	16	3	0	2	49	1336	1351	7.23e-07	26.9
Sample:N2,Pos:40197	WP_113886670.1	88.235	17	2	0	51	101	1401	1417	1.79e-06	35.0
Sample:N2,Pos:40197	WP_113886670.1	88.235	17	2	0	51	101	1413	1429	1.79e-06	35.0
Sample:N2,Pos:40197	WP_113886670.1	88.235	17	2	0	51	101	1431	1447	1.79e-06	35.0
Sample:N2,Pos:40197	WP_113886670.1	81.250	16	3	0	2	49	1354	1369	1.79e-06	26.9
Sample:N2,Pos:40197	WP_113886670.1	81.250	16	3	0	2	49	1366	1381	1.79e-06	26.9
Sample:N2,Pos:40197	WP_113886670.1	81.250	16	3	0	2	49	1390	1405	1.79e-06	26.9
Sample:N2,Pos:40197	WP_113886670.1	100.000	17	0	0	51	101	1335	1351	3.07e-06	37.7
Sample:N2,Pos:40197	WP_113886670.1	73.333	15	4	0	5	49	1325	1339	3.07e-06	23.5
Sample:N2,Pos:40197	WP_113886670.1	86.667	15	2	0	51	95	1455	1469	3.94e-06	30.8
Sample:N2,Pos:40197	WP_113886670.1	93.750	16	1	0	2	49	1444	1459	3.94e-06	30.0
Sample:N2,Pos:40197	WP_113886670.1	88.235	17	2	0	51	101	1329	1345	5.12e-05	35.0
Sample:N2,Pos:40197	WP_113886670.1	88.235	17	2	0	51	101	1341	1357	5.12e-05	35.0
Sample:N2,Pos:40197	WP_113886670.1	88.235	17	2	0	51	101	1359	1375	5.12e-05	35.0
Sample:N2,Pos:40197	WP_113886670.1	88.235	17	2	0	51	101	1377	1393	1.57e-04	33.5
Sample:N2,Pos:40197	WP_113886670.1	88.235	17	2	0	51	101	1383	1399	1.57e-04	33.5
Sample:N2,Pos:40197	WP_113886670.1	82.353	17	3	0	51	101	1371	1387	4.80e-04	32.3
Sample:N2,Pos:40197	WP_113886670.1	62.500	24	7	1	30	101	1318	1339	0.002	30.8
Sample:N2,Pos:40197	WP_113886670.1	100.000	13	0	0	2	40	1456	1468	0.016	28.1
Sample:N2,Pos:40197	WP_113886670.1	81.250	16	3	0	2	49	1408	1423	0.035	26.9
Sample:N2,Pos:40197	WP_113886670.1	81.250	16	3	0	2	49	1420	1435	0.035	26.9
Sample:N2,Pos:40197	WP_113886670.1	81.250	16	3	0	2	49	1438	1453	0.035	26.9
Sample:N2,Pos:40197	WP_113886670.1	81.250	16	3	0	2	49	1450	1465	0.035	26.9
Sample:N2,Pos:40197	WP_113886670.1	81.250	16	3	0	2	49	1378	1393	0.058	26.6
Sample:N2,Pos:40197	WP_113886670.1	81.250	16	3	0	2	49	1384	1399	0.058	26.6
Sample:N2,Pos:40197	WP_014567312.1	72.727	11	3	0	179	147	149	159	0.96	23.1
Sample:N2,Pos:40197	WP_004895097.1	31.429	35	23	1	81	182	57	91	1.0	22.7
Sample:N2,Pos:40197	WP_086874714.1	20.408	49	38	1	200	57	277	325	5.8	20.8
# BLAST processed 1 queries
