# BLASTX 2.4.0+
# Query: Sample:N2,Pos:40155 <unknown description>
# Database: User specified sequence set (Input: lactobacillus_johnsonii_protein.faa)
# Fields: query id, subject id, % identity, alignment length, mismatches, gap opens, q. start, q. end, s. start, s. end, evalue, bit score
# 50 hits found
Sample:N2,Pos:40155	WP_113886670.1	93.333	30	2	0	2	91	1418	1447	3.65e-14	52.0
Sample:N2,Pos:40155	WP_113886670.1	100.000	17	0	0	93	143	1449	1465	3.65e-14	36.6
Sample:N2,Pos:40155	WP_113886670.1	90.000	30	3	0	2	91	1334	1363	9.40e-14	50.4
Sample:N2,Pos:40155	WP_113886670.1	90.000	30	3	0	2	91	1346	1375	9.40e-14	50.4
Sample:N2,Pos:40155	WP_113886670.1	90.000	30	3	0	2	91	1388	1417	9.40e-14	50.4
Sample:N2,Pos:40155	WP_113886670.1	100.000	17	0	0	93	143	1365	1381	9.40e-14	36.6
Sample:N2,Pos:40155	WP_113886670.1	100.000	17	0	0	93	143	1389	1405	9.40e-14	36.6
Sample:N2,Pos:40155	WP_113886670.1	100.000	17	0	0	93	143	1419	1435	9.40e-14	36.6
Sample:N2,Pos:40155	WP_113886670.1	86.667	30	4	0	2	91	1400	1429	2.87e-13	48.9
Sample:N2,Pos:40155	WP_113886670.1	100.000	17	0	0	93	143	1437	1453	2.87e-13	36.6
Sample:N2,Pos:40155	WP_113886670.1	86.667	30	4	0	2	91	1364	1393	2.96e-13	48.9
Sample:N2,Pos:40155	WP_113886670.1	100.000	17	0	0	93	143	1407	1423	2.96e-13	36.6
Sample:N2,Pos:40155	WP_113886670.1	86.207	29	4	0	5	91	1329	1357	1.08e-12	47.0
Sample:N2,Pos:40155	WP_113886670.1	100.000	17	0	0	93	143	1353	1369	1.08e-12	36.6
Sample:N2,Pos:40155	WP_113886670.1	83.333	30	5	0	2	91	1352	1381	1.81e-12	47.8
Sample:N2,Pos:40155	WP_113886670.1	94.118	17	1	0	93	143	1395	1411	1.81e-12	35.0
Sample:N2,Pos:40155	WP_113886670.1	86.667	30	4	0	2	91	1406	1435	1.91e-12	48.9
Sample:N2,Pos:40155	WP_113886670.1	88.235	17	2	0	93	143	1431	1447	1.91e-12	33.5
Sample:N2,Pos:40155	WP_113886670.1	80.000	30	6	0	2	91	1394	1423	5.52e-12	45.8
Sample:N2,Pos:40155	WP_113886670.1	94.118	17	1	0	93	143	1425	1441	5.52e-12	35.0
Sample:N2,Pos:40155	WP_113886670.1	80.000	30	6	0	2	91	1412	1441	1.49e-11	45.8
Sample:N2,Pos:40155	WP_113886670.1	88.235	17	2	0	93	143	1443	1459	1.49e-11	33.5
Sample:N2,Pos:40155	WP_113886670.1	80.000	30	6	0	2	91	1358	1387	1.54e-11	45.8
Sample:N2,Pos:40155	WP_113886670.1	80.000	30	6	0	2	91	1376	1405	1.54e-11	45.8
Sample:N2,Pos:40155	WP_113886670.1	88.235	17	2	0	93	143	1401	1417	1.54e-11	33.5
Sample:N2,Pos:40155	WP_113886670.1	88.235	17	2	0	93	143	1413	1429	1.54e-11	33.5
Sample:N2,Pos:40155	WP_113886670.1	86.667	30	4	0	2	91	1430	1459	2.50e-11	48.9
Sample:N2,Pos:40155	WP_113886670.1	86.667	15	2	0	93	137	1455	1469	2.50e-11	29.6
Sample:N2,Pos:40155	WP_113886670.1	76.667	30	7	0	2	91	1340	1369	7.52e-11	44.7
Sample:N2,Pos:40155	WP_113886670.1	88.235	17	2	0	93	143	1377	1393	7.52e-11	32.7
Sample:N2,Pos:40155	WP_113886670.1	77.778	27	6	0	11	91	1325	1351	3.23e-10	40.0
Sample:N2,Pos:40155	WP_113886670.1	94.118	17	1	0	93	143	1347	1363	3.23e-10	35.0
Sample:N2,Pos:40155	WP_113886670.1	86.667	30	4	0	2	91	1436	1465	5.75e-10	48.9
Sample:N2,Pos:40155	WP_113886670.1	80.000	30	6	0	2	91	1424	1453	6.86e-09	45.8
Sample:N2,Pos:40155	WP_113886670.1	80.000	30	6	0	2	91	1382	1411	7.14e-09	45.8
Sample:N2,Pos:40155	WP_113886670.1	85.185	27	4	0	2	82	1442	1468	7.57e-09	45.8
Sample:N2,Pos:40155	WP_113886670.1	76.667	30	7	0	2	91	1370	1399	2.23e-08	44.7
Sample:N2,Pos:40155	WP_113886670.1	90.909	22	2	0	2	67	1448	1469	8.86e-07	40.0
Sample:N2,Pos:40155	WP_113886670.1	100.000	17	0	0	93	143	1335	1351	1.37e-05	36.6
Sample:N2,Pos:40155	WP_113886670.1	63.158	19	7	0	35	91	1321	1339	1.37e-05	22.7
Sample:N2,Pos:40155	WP_113886670.1	88.235	17	2	0	93	143	1329	1345	1.61e-04	33.5
Sample:N2,Pos:40155	WP_113886670.1	88.235	17	2	0	93	143	1341	1357	1.61e-04	33.5
Sample:N2,Pos:40155	WP_113886670.1	88.235	17	2	0	93	143	1359	1375	1.61e-04	33.5
Sample:N2,Pos:40155	WP_113886670.1	88.235	17	2	0	93	143	1383	1399	3.68e-04	32.7
Sample:N2,Pos:40155	WP_113886670.1	82.353	17	3	0	93	143	1371	1387	0.001	31.2
Sample:N2,Pos:40155	WP_113886670.1	86.667	15	2	0	99	143	1325	1339	0.005	29.6
Sample:N2,Pos:40155	WP_086874545.1	94.737	19	1	0	144	200	18	36	3.32e-08	43.9
Sample:N2,Pos:40155	WP_086874817.1	33.333	30	20	0	91	2	188	217	4.6	21.2
Sample:N2,Pos:40155	WP_086874599.1	100.000	7	0	0	122	102	332	338	5.0	21.2
Sample:N2,Pos:40155	WP_011161820.1	26.316	19	14	0	141	197	312	330	5.5	20.8
# BLAST processed 1 queries
