# BLASTX 2.4.0+
# Query: Sample:N2,Pos:40170 <unknown description>
# Database: User specified sequence set (Input: lactobacillus_johnsonii_protein.faa)
# Fields: query id, subject id, % identity, alignment length, mismatches, gap opens, q. start, q. end, s. start, s. end, evalue, bit score
# 51 hits found
Sample:N2,Pos:40170	WP_113886670.1	95.833	24	1	0	5	76	1394	1417	7.64e-12	43.9
Sample:N2,Pos:40170	WP_113886670.1	95.833	24	1	0	5	76	1424	1447	7.64e-12	43.9
Sample:N2,Pos:40170	WP_113886670.1	100.000	17	0	0	78	128	1419	1435	7.64e-12	36.6
Sample:N2,Pos:40170	WP_113886670.1	100.000	17	0	0	78	128	1449	1465	7.64e-12	36.6
Sample:N2,Pos:40170	WP_113886670.1	91.667	24	2	0	5	76	1340	1363	2.04e-11	42.4
Sample:N2,Pos:40170	WP_113886670.1	91.667	24	2	0	5	76	1352	1375	2.04e-11	42.4
Sample:N2,Pos:40170	WP_113886670.1	100.000	17	0	0	78	128	1365	1381	2.04e-11	36.6
Sample:N2,Pos:40170	WP_113886670.1	100.000	17	0	0	78	128	1389	1405	2.04e-11	36.6
Sample:N2,Pos:40170	WP_113886670.1	87.500	24	3	0	5	76	1334	1357	5.71e-11	40.8
Sample:N2,Pos:40170	WP_113886670.1	87.500	24	3	0	5	76	1358	1381	5.71e-11	40.8
Sample:N2,Pos:40170	WP_113886670.1	87.500	24	3	0	5	76	1388	1411	5.71e-11	40.8
Sample:N2,Pos:40170	WP_113886670.1	100.000	17	0	0	78	128	1353	1369	5.71e-11	36.6
Sample:N2,Pos:40170	WP_113886670.1	100.000	17	0	0	78	128	1407	1423	5.71e-11	36.6
Sample:N2,Pos:40170	WP_113886670.1	100.000	17	0	0	78	128	1437	1453	5.71e-11	36.6
Sample:N2,Pos:40170	WP_113886670.1	87.500	24	3	0	5	76	1406	1429	1.56e-10	40.8
Sample:N2,Pos:40170	WP_113886670.1	94.118	17	1	0	78	128	1425	1441	1.56e-10	35.0
Sample:N2,Pos:40170	WP_113886670.1	87.500	24	3	0	5	76	1370	1393	1.89e-10	40.4
Sample:N2,Pos:40170	WP_113886670.1	94.118	17	1	0	78	128	1395	1411	1.89e-10	35.0
Sample:N2,Pos:40170	WP_113886670.1	87.500	24	3	0	5	76	1412	1435	3.76e-10	40.8
Sample:N2,Pos:40170	WP_113886670.1	88.235	17	2	0	78	128	1431	1447	3.76e-10	33.9
Sample:N2,Pos:40170	WP_113886670.1	83.333	24	4	0	5	76	1328	1351	4.80e-10	38.9
Sample:N2,Pos:40170	WP_113886670.1	94.118	17	1	0	78	128	1347	1363	4.80e-10	35.4
Sample:N2,Pos:40170	WP_113886670.1	83.333	24	4	0	5	76	1400	1423	1.05e-09	39.3
Sample:N2,Pos:40170	WP_113886670.1	88.235	17	2	0	78	128	1443	1459	1.05e-09	33.9
Sample:N2,Pos:40170	WP_113886670.1	90.476	21	2	0	5	67	1364	1384	1.26e-09	38.9
Sample:N2,Pos:40170	WP_113886670.1	88.235	17	2	0	78	128	1401	1417	1.26e-09	33.9
Sample:N2,Pos:40170	WP_113886670.1	79.167	24	5	0	5	76	1376	1399	3.39e-09	37.7
Sample:N2,Pos:40170	WP_113886670.1	88.235	17	2	0	78	128	1413	1429	3.39e-09	33.9
Sample:N2,Pos:40170	WP_113886670.1	87.500	24	3	0	5	76	1436	1459	5.24e-09	40.8
Sample:N2,Pos:40170	WP_113886670.1	86.667	15	2	0	78	122	1455	1469	5.24e-09	30.0
Sample:N2,Pos:40170	WP_113886670.1	79.167	24	5	0	5	76	1346	1369	5.50e-09	37.7
Sample:N2,Pos:40170	WP_113886670.1	88.235	17	2	0	78	128	1377	1393	5.50e-09	32.7
Sample:N2,Pos:40170	WP_113886670.1	85.714	21	3	0	14	76	1325	1345	2.23e-08	34.7
Sample:N2,Pos:40170	WP_113886670.1	88.235	17	2	0	78	128	1341	1357	2.23e-08	33.9
Sample:N2,Pos:40170	WP_113886670.1	87.500	24	3	0	5	76	1442	1465	4.28e-07	40.8
Sample:N2,Pos:40170	WP_113886670.1	83.333	24	4	0	5	76	1418	1441	1.49e-06	39.3
Sample:N2,Pos:40170	WP_113886670.1	83.333	24	4	0	5	76	1430	1453	1.49e-06	39.3
Sample:N2,Pos:40170	WP_113886670.1	90.476	21	2	0	5	67	1448	1468	1.85e-06	38.9
Sample:N2,Pos:40170	WP_113886670.1	79.167	24	5	0	5	76	1382	1405	6.22e-06	37.7
Sample:N2,Pos:40170	WP_113886670.1	100.000	17	0	0	78	128	1335	1351	9.02e-06	36.6
Sample:N2,Pos:40170	WP_113886670.1	63.158	19	7	0	20	76	1321	1339	9.02e-06	23.1
Sample:N2,Pos:40170	WP_113886670.1	88.235	17	2	0	78	128	1329	1345	1.29e-04	33.9
Sample:N2,Pos:40170	WP_113886670.1	88.235	17	2	0	78	128	1359	1375	1.29e-04	33.9
Sample:N2,Pos:40170	WP_113886670.1	88.235	17	2	0	78	128	1383	1399	2.96e-04	32.7
Sample:N2,Pos:40170	WP_113886670.1	93.750	16	1	0	5	52	1454	1469	8.11e-04	31.6
Sample:N2,Pos:40170	WP_113886670.1	82.353	17	3	0	78	128	1371	1387	0.001	31.6
Sample:N2,Pos:40170	WP_113886670.1	86.667	15	2	0	84	128	1325	1339	0.005	29.6
Sample:N2,Pos:40170	WP_086874545.1	95.833	24	1	0	129	200	18	41	2.04e-11	52.8
Sample:N2,Pos:40170	WP_011161820.1	26.316	19	14	0	126	182	312	330	4.1	21.2
Sample:N2,Pos:40170	WP_086874599.1	100.000	7	0	0	107	87	332	338	6.7	20.8
Sample:N2,Pos:40170	WP_086875124.1	38.889	18	11	0	138	191	138	155	8.0	20.4
# BLAST processed 1 queries
