# BLASTX 2.4.0+
# Query: Sample:N2,Pos:40182 <unknown description>
# Database: User specified sequence set (Input: lactobacillus_johnsonii_protein.faa)
# Fields: query id, subject id, % identity, alignment length, mismatches, gap opens, q. start, q. end, s. start, s. end, evalue, bit score
# 52 hits found
Sample:N2,Pos:40182	WP_086874545.1	96.429	28	1	0	117	200	18	45	5.35e-15	62.8
Sample:N2,Pos:40182	WP_113886670.1	95.238	21	1	0	2	64	1397	1417	4.15e-10	38.5
Sample:N2,Pos:40182	WP_113886670.1	95.238	21	1	0	2	64	1427	1447	4.15e-10	38.5
Sample:N2,Pos:40182	WP_113886670.1	100.000	17	0	0	66	116	1419	1435	4.15e-10	36.2
Sample:N2,Pos:40182	WP_113886670.1	100.000	17	0	0	66	116	1449	1465	4.15e-10	36.2
Sample:N2,Pos:40182	WP_113886670.1	90.476	21	2	0	2	64	1337	1357	1.01e-09	37.0
Sample:N2,Pos:40182	WP_113886670.1	90.476	21	2	0	2	64	1343	1363	1.01e-09	37.0
Sample:N2,Pos:40182	WP_113886670.1	90.476	21	2	0	2	64	1355	1375	1.01e-09	37.0
Sample:N2,Pos:40182	WP_113886670.1	90.476	21	2	0	2	64	1409	1429	1.01e-09	37.0
Sample:N2,Pos:40182	WP_113886670.1	100.000	17	0	0	66	116	1353	1369	1.01e-09	36.2
Sample:N2,Pos:40182	WP_113886670.1	100.000	17	0	0	66	116	1365	1381	1.01e-09	36.2
Sample:N2,Pos:40182	WP_113886670.1	100.000	17	0	0	66	116	1389	1405	1.01e-09	36.2
Sample:N2,Pos:40182	WP_113886670.1	100.000	17	0	0	66	116	1437	1453	1.01e-09	36.2
Sample:N2,Pos:40182	WP_113886670.1	100.000	17	0	0	66	116	1407	1423	3.00e-09	36.2
Sample:N2,Pos:40182	WP_113886670.1	85.714	21	3	0	2	64	1361	1381	3.00e-09	35.4
Sample:N2,Pos:40182	WP_113886670.1	85.714	21	3	0	2	64	1331	1351	7.29e-09	35.4
Sample:N2,Pos:40182	WP_113886670.1	94.118	17	1	0	66	116	1347	1363	7.29e-09	35.0
Sample:N2,Pos:40182	WP_113886670.1	85.714	21	3	0	2	64	1391	1411	8.16e-09	35.4
Sample:N2,Pos:40182	WP_113886670.1	94.118	17	1	0	66	116	1425	1441	8.16e-09	34.7
Sample:N2,Pos:40182	WP_113886670.1	94.444	18	1	0	2	55	1367	1384	8.99e-09	35.4
Sample:N2,Pos:40182	WP_113886670.1	94.118	17	1	0	66	116	1395	1411	8.99e-09	34.7
Sample:N2,Pos:40182	WP_113886670.1	85.714	21	3	0	2	64	1403	1423	1.98e-08	35.4
Sample:N2,Pos:40182	WP_113886670.1	85.714	21	3	0	2	64	1415	1435	1.98e-08	35.4
Sample:N2,Pos:40182	WP_113886670.1	88.235	17	2	0	66	116	1431	1447	1.98e-08	33.5
Sample:N2,Pos:40182	WP_113886670.1	88.235	17	2	0	66	116	1443	1459	1.98e-08	33.5
Sample:N2,Pos:40182	WP_113886670.1	85.714	21	3	0	2	64	1373	1393	2.27e-08	35.0
Sample:N2,Pos:40182	WP_113886670.1	88.235	17	2	0	66	116	1401	1417	2.27e-08	33.5
Sample:N2,Pos:40182	WP_113886670.1	85.714	21	3	0	2	64	1325	1345	3.01e-08	34.7
Sample:N2,Pos:40182	WP_113886670.1	88.235	17	2	0	66	116	1341	1357	3.01e-08	33.5
Sample:N2,Pos:40182	WP_113886670.1	80.952	21	4	0	2	64	1379	1399	5.50e-08	33.9
Sample:N2,Pos:40182	WP_113886670.1	88.235	17	2	0	66	116	1413	1429	5.50e-08	33.5
Sample:N2,Pos:40182	WP_113886670.1	80.952	21	4	0	2	64	1349	1369	8.35e-08	33.9
Sample:N2,Pos:40182	WP_113886670.1	88.235	17	2	0	66	116	1377	1393	8.35e-08	32.7
Sample:N2,Pos:40182	WP_113886670.1	90.476	21	2	0	2	64	1439	1459	8.77e-08	37.0
Sample:N2,Pos:40182	WP_113886670.1	86.667	15	2	0	66	110	1455	1469	8.77e-08	29.6
Sample:N2,Pos:40182	WP_113886670.1	100.000	17	0	0	66	116	1335	1351	1.23e-05	36.2
Sample:N2,Pos:40182	WP_113886670.1	63.158	19	7	0	8	64	1321	1339	1.23e-05	22.7
Sample:N2,Pos:40182	WP_113886670.1	85.714	21	3	0	2	64	1421	1441	3.81e-05	35.4
Sample:N2,Pos:40182	WP_113886670.1	85.714	21	3	0	2	64	1433	1453	3.81e-05	35.4
Sample:N2,Pos:40182	WP_113886670.1	85.714	21	3	0	2	64	1445	1465	3.81e-05	35.4
Sample:N2,Pos:40182	WP_113886670.1	94.444	18	1	0	2	55	1451	1468	4.28e-05	35.4
Sample:N2,Pos:40182	WP_113886670.1	88.235	17	2	0	66	116	1329	1345	1.83e-04	33.5
Sample:N2,Pos:40182	WP_113886670.1	88.235	17	2	0	66	116	1359	1375	1.83e-04	33.5
Sample:N2,Pos:40182	WP_113886670.1	88.235	17	2	0	66	116	1383	1399	3.61e-04	32.7
Sample:N2,Pos:40182	WP_113886670.1	76.190	21	5	0	2	64	1385	1405	5.05e-04	32.3
Sample:N2,Pos:40182	WP_113886670.1	82.353	17	3	0	66	116	1371	1387	0.001	31.2
Sample:N2,Pos:40182	WP_113886670.1	86.667	15	2	0	72	116	1325	1339	0.006	29.3
Sample:N2,Pos:40182	WP_113886670.1	92.308	13	1	0	2	40	1457	1469	0.072	26.2
Sample:N2,Pos:40182	WP_014567312.1	72.727	11	3	0	194	162	149	159	0.96	23.1
Sample:N2,Pos:40182	WP_004895097.1	31.429	35	23	1	96	197	57	91	2.0	21.9
Sample:N2,Pos:40182	WP_011161820.1	26.316	19	14	0	114	170	312	330	4.3	21.2
Sample:N2,Pos:40182	WP_086874599.1	100.000	7	0	0	95	75	332	338	7.6	20.4
# BLAST processed 1 queries
