"QueryID"	"SubjectID"	"PercIdentity"	"AlignmentLength"	"Mismatches"	"GapOpens"	"QueryStart"	"QueryEnd"	"SubjectStart"	"SubjectEnd"	"Evalue"	"BitScore"
"Sample:N1,Pos:9326"	"WP_086874957.1"	94.118	34	2	0	3	104	142	175	6.7e-17	68.2
"Sample:N1,Pos:9326"	"WP_086874874.1"	75.758	33	8	0	3	101	141	173	1.24e-12	56.2
"Sample:N1,Pos:9326"	"WP_086874857.1"	91.667	24	2	0	129	200	35	58	1.12e-09	47.8
"Sample:N1,Pos:9326"	"WP_004898444.1"	51.852	27	12	1	24	101	150	176	0.016	28.1
"Sample:N1,Pos:9326"	"WP_004897809.1"	45.833	24	13	0	129	200	35	58	0.053	26.6
"Sample:N1,Pos:9326"	"WP_004898463.1"	40	25	15	0	126	200	33	57	0.23	24.6
"Sample:N1,Pos:9326"	"WP_086874693.1"	29.73	37	20	1	6	98	48	84	0.4	23.9
"Sample:N1,Pos:9326"	"WP_004897782.1"	41.667	24	14	0	129	200	33	56	4.4	21.2
"Sample:N1,Pos:9326"	"WP_113886643.1"	37.037	27	17	0	3	83	223	249	4.9	21.2
"Sample:N1,Pos:9326"	"WP_086875219.1"	44.444	18	10	0	57	4	131	148	5.1	21.2
"Sample:N1,Pos:9326"	"WP_011162562.1"	25	24	18	0	75	4	163	186	6.9	20.8
"Sample:N1,Pos:9326"	"WP_004897031.1"	28	25	18	0	126	200	31	55	8.6	20.4
"Sample:N3,Pos:9326"	"WP_086874957.1"	94.118	34	2	0	3	104	142	175	6.7e-17	68.2
"Sample:N3,Pos:9326"	"WP_086874874.1"	75.758	33	8	0	3	101	141	173	1.24e-12	56.2
"Sample:N3,Pos:9326"	"WP_086874857.1"	91.667	24	2	0	129	200	35	58	1.12e-09	47.8
"Sample:N3,Pos:9326"	"WP_004898444.1"	51.852	27	12	1	24	101	150	176	0.016	28.1
"Sample:N3,Pos:9326"	"WP_004897809.1"	45.833	24	13	0	129	200	35	58	0.053	26.6
"Sample:N3,Pos:9326"	"WP_004898463.1"	40	25	15	0	126	200	33	57	0.23	24.6
"Sample:N3,Pos:9326"	"WP_086874693.1"	29.73	37	20	1	6	98	48	84	0.4	23.9
"Sample:N3,Pos:9326"	"WP_004897782.1"	41.667	24	14	0	129	200	33	56	4.4	21.2
"Sample:N3,Pos:9326"	"WP_113886643.1"	37.037	27	17	0	3	83	223	249	4.9	21.2
"Sample:N3,Pos:9326"	"WP_086875219.1"	44.444	18	10	0	57	4	131	148	5.1	21.2
"Sample:N3,Pos:9326"	"WP_011162562.1"	25	24	18	0	75	4	163	186	6.9	20.8
"Sample:N3,Pos:9326"	"WP_004897031.1"	28	25	18	0	126	200	31	55	8.6	20.4
"Sample:N1,Pos:9356"	"WP_086874857.1"	94.118	34	2	0	99	200	35	68	3.81e-17	68.2
"Sample:N1,Pos:9356"	"WP_086874857.1"	90	10	1	0	73	102	11	20	8.7	20.4
"Sample:N1,Pos:9356"	"WP_086874957.1"	95.833	24	1	0	3	74	152	175	5.71e-10	48.9
"Sample:N1,Pos:9356"	"WP_086874874.1"	78.261	23	5	0	3	71	151	173	3.55e-07	41.2
"Sample:N1,Pos:9356"	"WP_004897031.1"	38.235	34	21	0	96	197	31	64	0.000154	33.5
"Sample:N1,Pos:9356"	"WP_004897809.1"	50	28	14	0	99	182	35	62	0.000541	32
"Sample:N1,Pos:9356"	"WP_004898463.1"	41.176	34	20	0	96	197	33	66	0.000769	31.6
"Sample:N1,Pos:9356"	"WP_004897782.1"	38.235	34	21	0	99	200	33	66	0.022	27.7
"Sample:N1,Pos:9356"	"WP_003649950.1"	37.5	40	24	1	81	197	26	65	0.071	26.2
"Sample:N1,Pos:9356"	"WP_004898444.1"	50	24	11	1	3	71	153	176	0.44	23.9
"Sample:N1,Pos:9356"	"WP_011161295.1"	39.286	28	17	0	99	182	143	170	3.1	21.6
"Sample:N1,Pos:9356"	"WP_086874824.1"	88.889	9	1	0	132	158	298	306	4.2	21.2
"Sample:N1,Pos:9356"	"WP_011161760.1"	28.125	32	23	0	195	100	283	314	5.2	21.2
"Sample:N1,Pos:9356"	"WP_041818568.1"	44.444	18	10	0	183	130	41	58	8.6	20.4
"Sample:N3,Pos:9356"	"WP_086874857.1"	94.118	34	2	0	99	200	35	68	3.81e-17	68.2
"Sample:N3,Pos:9356"	"WP_086874857.1"	90	10	1	0	73	102	11	20	8.7	20.4
"Sample:N3,Pos:9356"	"WP_086874957.1"	95.833	24	1	0	3	74	152	175	5.71e-10	48.9
"Sample:N3,Pos:9356"	"WP_086874874.1"	78.261	23	5	0	3	71	151	173	3.55e-07	41.2
"Sample:N3,Pos:9356"	"WP_004897031.1"	38.235	34	21	0	96	197	31	64	0.000154	33.5
"Sample:N3,Pos:9356"	"WP_004897809.1"	50	28	14	0	99	182	35	62	0.000541	32
"Sample:N3,Pos:9356"	"WP_004898463.1"	41.176	34	20	0	96	197	33	66	0.000769	31.6
"Sample:N3,Pos:9356"	"WP_004897782.1"	38.235	34	21	0	99	200	33	66	0.022	27.7
"Sample:N3,Pos:9356"	"WP_003649950.1"	37.5	40	24	1	81	197	26	65	0.071	26.2
"Sample:N3,Pos:9356"	"WP_004898444.1"	50	24	11	1	3	71	153	176	0.44	23.9
"Sample:N3,Pos:9356"	"WP_011161295.1"	39.286	28	17	0	99	182	143	170	3.1	21.6
"Sample:N3,Pos:9356"	"WP_086874824.1"	88.889	9	1	0	132	158	298	306	4.2	21.2
"Sample:N3,Pos:9356"	"WP_011161760.1"	28.125	32	23	0	195	100	283	314	5.2	21.2
"Sample:N3,Pos:9356"	"WP_041818568.1"	44.444	18	10	0	183	130	41	58	8.6	20.4
"Sample:N1,Pos:9358"	"WP_086874857.1"	94.286	35	2	0	97	201	35	69	9.62e-18	69.7
"Sample:N1,Pos:9358"	"WP_086874857.1"	90	10	1	0	71	100	11	20	8.5	20.4
"Sample:N1,Pos:9358"	"WP_086874957.1"	95.833	24	1	0	1	72	152	175	5.93e-10	48.9
"Sample:N1,Pos:9358"	"WP_086874874.1"	78.261	23	5	0	1	69	151	173	3.69e-07	41.2
"Sample:N1,Pos:9358"	"WP_004897031.1"	38.889	36	22	0	94	201	31	66	5.59e-05	34.7
"Sample:N1,Pos:9358"	"WP_004898463.1"	38.889	36	22	0	94	201	33	68	0.000369	32.7
"Sample:N1,Pos:9358"	"WP_004897809.1"	40	35	21	0	97	201	35	69	0.000619	32
"Sample:N1,Pos:9358"	"WP_004897782.1"	37.143	35	22	0	97	201	33	67	0.009	28.5
"Sample:N1,Pos:9358"	"WP_003649950.1"	35.714	42	26	1	79	201	26	67	0.041	26.9
"Sample:N1,Pos:9358"	"WP_004898444.1"	50	24	11	1	1	69	153	176	0.45	23.9
"Sample:N1,Pos:9358"	"WP_011161295.1"	39.286	28	17	0	97	180	143	170	2.9	21.6
"Sample:N1,Pos:9358"	"WP_086874824.1"	88.889	9	1	0	130	156	298	306	4.3	21.2
"Sample:N1,Pos:9358"	"WP_011161760.1"	28.125	32	23	0	193	98	283	314	5	21.2
"Sample:N1,Pos:9358"	"WP_041818568.1"	44.444	18	10	0	181	128	41	58	8.3	20.4
"Sample:N3,Pos:9358"	"WP_086874857.1"	94.286	35	2	0	97	201	35	69	9.62e-18	69.7
"Sample:N3,Pos:9358"	"WP_086874857.1"	90	10	1	0	71	100	11	20	8.5	20.4
"Sample:N3,Pos:9358"	"WP_086874957.1"	95.833	24	1	0	1	72	152	175	5.93e-10	48.9
"Sample:N3,Pos:9358"	"WP_086874874.1"	78.261	23	5	0	1	69	151	173	3.69e-07	41.2
"Sample:N3,Pos:9358"	"WP_004897031.1"	38.889	36	22	0	94	201	31	66	5.59e-05	34.7
"Sample:N3,Pos:9358"	"WP_004898463.1"	38.889	36	22	0	94	201	33	68	0.000369	32.7
"Sample:N3,Pos:9358"	"WP_004897809.1"	40	35	21	0	97	201	35	69	0.000619	32
"Sample:N3,Pos:9358"	"WP_004897782.1"	37.143	35	22	0	97	201	33	67	0.009	28.5
"Sample:N3,Pos:9358"	"WP_003649950.1"	35.714	42	26	1	79	201	26	67	0.041	26.9
"Sample:N3,Pos:9358"	"WP_004898444.1"	50	24	11	1	1	69	153	176	0.45	23.9
"Sample:N3,Pos:9358"	"WP_011161295.1"	39.286	28	17	0	97	180	143	170	2.9	21.6
"Sample:N3,Pos:9358"	"WP_086874824.1"	88.889	9	1	0	130	156	298	306	4.3	21.2
"Sample:N3,Pos:9358"	"WP_011161760.1"	28.125	32	23	0	193	98	283	314	5	21.2
"Sample:N3,Pos:9358"	"WP_041818568.1"	44.444	18	10	0	181	128	41	58	8.3	20.4
"Sample:N2,Pos:10029"	"WP_004897768.1"	98.485	66	1	0	3	200	107	172	7.04e-43	136
"Sample:N2,Pos:10029"	"WP_086874848.1"	33.333	39	25	1	66	179	38	76	0.066	26.2
"Sample:N2,Pos:10029"	"WP_044496651.1"	28.571	49	35	0	48	194	236	284	0.081	26.2
"Sample:N2,Pos:10029"	"WP_086875106.1"	45.455	22	12	0	39	104	487	508	1.3	22.7
"Sample:N2,Pos:10029"	"WP_004898587.1"	40	25	15	0	111	37	243	267	1.6	22.3
"Sample:N2,Pos:10029"	"WP_113886680.1"	56.25	16	7	0	94	47	8	23	2.2	21.9
"Sample:N2,Pos:10029"	"WP_011162489.1"	27.66	47	34	0	57	197	111	157	3.2	21.6
"Sample:N2,Pos:10029"	"WP_086875191.1"	33.333	33	22	0	45	143	153	185	4.1	21.2
"Sample:N2,Pos:10029"	"WP_086874894.1"	34.615	26	15	1	36	107	334	359	4.4	21.2
"Sample:N2,Pos:10029"	"WP_086874641.1"	60	10	4	0	91	62	166	175	4.4	21.2
"Sample:N2,Pos:10029"	"WP_011161737.1"	50	12	6	0	51	86	235	246	5.7	20.8
"Sample:N2,Pos:10029"	"WP_086874525.1"	27.273	44	32	0	21	152	594	637	7.7	20.4
"Sample:N2,Pos:10047"	"WP_004897768.1"	98.485	66	1	0	3	200	113	178	3.31e-43	137
"Sample:N2,Pos:10047"	"WP_044496651.1"	28.571	49	35	0	30	176	236	284	0.059	26.2
"Sample:N2,Pos:10047"	"WP_086874848.1"	33.333	39	25	1	48	161	38	76	0.066	26.2
"Sample:N2,Pos:10047"	"WP_004898587.1"	40	25	15	0	93	19	243	267	1.4	22.7
"Sample:N2,Pos:10047"	"WP_086875106.1"	45.455	22	12	0	21	86	487	508	2	22.3
"Sample:N2,Pos:10047"	"WP_086875190.1"	27.273	44	32	0	69	200	438	481	2	21.9
"Sample:N2,Pos:10047"	"WP_113886680.1"	56.25	16	7	0	76	29	8	23	2.2	21.9
"Sample:N2,Pos:10047"	"WP_011162489.1"	27.66	47	34	0	39	179	111	157	3.5	21.6
"Sample:N2,Pos:10047"	"WP_086875191.1"	33.333	33	22	0	27	125	153	185	3.7	21.2
"Sample:N2,Pos:10047"	"WP_011161737.1"	50	12	6	0	33	68	235	246	4.4	21.2
"Sample:N2,Pos:10047"	"WP_086874894.1"	34.615	26	15	1	18	89	334	359	5.2	20.8
"Sample:N2,Pos:10047"	"WP_086874641.1"	60	10	4	0	73	44	166	175	5.6	20.8
"Sample:N2,Pos:10047"	"WP_086874525.1"	27.273	44	32	0	3	134	594	637	5.8	20.8
"Sample:N2,Pos:10047"	"WP_004893994.1"	54.545	11	5	0	184	152	23	33	7.6	20.4
"Sample:N1,Pos:29614"	"WP_086874911.1"	88.235	34	4	0	1	102	41	74	7.6e-15	59.7
"Sample:N1,Pos:29614"	"WP_086874911.1"	86.667	15	2	0	102	146	76	90	0.003	29.6
"Sample:N1,Pos:29614"	"WP_004896823.1"	40	25	14	1	86	15	182	206	0.27	24.6
"Sample:N1,Pos:29614"	"WP_086875190.1"	38.889	18	11	0	107	160	481	498	2.5	21.9
"Sample:N1,Pos:29614"	"WP_004897683.1"	31.818	22	15	0	25	90	46	67	7.3	20.4
"Sample:N3,Pos:29614"	"WP_086874911.1"	88.235	34	4	0	1	102	41	74	7.6e-15	59.7
"Sample:N3,Pos:29614"	"WP_086874911.1"	86.667	15	2	0	102	146	76	90	0.003	29.6
"Sample:N3,Pos:29614"	"WP_004896823.1"	40	25	14	1	86	15	182	206	0.27	24.6
"Sample:N3,Pos:29614"	"WP_086875190.1"	38.889	18	11	0	107	160	481	498	2.5	21.9
"Sample:N3,Pos:29614"	"WP_004897683.1"	31.818	22	15	0	25	90	46	67	7.3	20.4
"Sample:N2,Pos:29614"	"WP_086874911.1"	88.235	34	4	0	1	102	41	74	7.6e-15	59.7
"Sample:N2,Pos:29614"	"WP_086874911.1"	86.667	15	2	0	102	146	76	90	0.003	29.6
"Sample:N2,Pos:29614"	"WP_004896823.1"	40	25	14	1	86	15	182	206	0.27	24.6
"Sample:N2,Pos:29614"	"WP_086875190.1"	38.889	18	11	0	107	160	481	498	2.5	21.9
"Sample:N2,Pos:29614"	"WP_004897683.1"	31.818	22	15	0	25	90	46	67	7.3	20.4
"Sample:N1,Pos:40085"	"WP_113886670.1"	96.226	53	2	0	3	161	1365	1417	1.82e-24	90.1
"Sample:N1,Pos:40085"	"WP_113886670.1"	94.34	53	3	0	3	161	1395	1447	6.22e-24	88.6
"Sample:N1,Pos:40085"	"WP_113886670.1"	92.453	53	4	0	3	161	1335	1387	2.48e-23	87
"Sample:N1,Pos:40085"	"WP_113886670.1"	92.453	53	4	0	3	161	1407	1459	2.55e-23	87
"Sample:N1,Pos:40085"	"WP_113886670.1"	90.566	53	5	0	3	161	1389	1441	8.46e-23	85.5
"Sample:N1,Pos:40085"	"WP_113886670.1"	88.679	53	6	0	3	161	1341	1393	3.37e-22	83.6
"Sample:N1,Pos:40085"	"WP_113886670.1"	88.679	53	6	0	3	161	1353	1405	3.37e-22	83.6
"Sample:N1,Pos:40085"	"WP_113886670.1"	88.679	53	6	0	3	161	1377	1429	3.37e-22	83.6
"Sample:N1,Pos:40085"	"WP_113886670.1"	88.679	53	6	0	3	161	1329	1381	3.47e-22	83.6
"Sample:N1,Pos:40085"	"WP_113886670.1"	92.157	51	4	0	3	155	1419	1469	3.58e-22	83.6
"Sample:N1,Pos:40085"	"WP_113886670.1"	86.792	53	7	0	3	161	1359	1411	1.12e-21	82
"Sample:N1,Pos:40085"	"WP_113886670.1"	86.792	53	7	0	3	161	1371	1423	1.12e-21	82
"Sample:N1,Pos:40085"	"WP_113886670.1"	86.792	53	7	0	3	161	1383	1435	1.12e-21	82
"Sample:N1,Pos:40085"	"WP_113886670.1"	86.792	53	7	0	3	161	1401	1453	1.15e-21	82
"Sample:N1,Pos:40085"	"WP_113886670.1"	86.792	53	7	0	3	161	1413	1465	1.15e-21	82
"Sample:N1,Pos:40085"	"WP_113886670.1"	86.792	53	7	0	3	161	1347	1399	1.39e-21	82
"Sample:N1,Pos:40085"	"WP_113886670.1"	90.196	51	5	0	9	161	1325	1375	1.87e-21	81.6
"Sample:N1,Pos:40085"	"WP_113886670.1"	77.551	49	11	0	15	161	1321	1369	2.1e-16	67.4
"Sample:N1,Pos:40085"	"WP_113886670.1"	60	65	26	0	3	197	1431	1495	2.87e-15	63.9
"Sample:N1,Pos:40085"	"WP_113886670.1"	66.667	21	7	0	99	161	1319	1339	0.002	26.6
"Sample:N1,Pos:40085"	"WP_113886670.1"	91.667	12	1	0	166	201	1336	1347	0.002	25
"Sample:N1,Pos:40085"	"WP_113886670.1"	91.667	12	1	0	166	201	1354	1365	0.18	25
"Sample:N1,Pos:40085"	"WP_113886670.1"	91.667	12	1	0	166	201	1366	1377	0.18	25
"Sample:N1,Pos:40085"	"WP_113886670.1"	91.667	12	1	0	166	201	1390	1401	0.18	25
"Sample:N1,Pos:40085"	"WP_113886670.1"	91.667	12	1	0	166	201	1408	1419	0.18	25
"Sample:N1,Pos:40085"	"WP_113886670.1"	91.667	12	1	0	166	201	1420	1431	0.18	25
"Sample:N1,Pos:40085"	"WP_113886670.1"	91.667	12	1	0	166	201	1438	1449	0.18	25
"Sample:N1,Pos:40085"	"WP_113886670.1"	91.667	12	1	0	166	201	1450	1461	0.18	25
"Sample:N1,Pos:40085"	"WP_113886670.1"	91.667	12	1	0	166	201	1396	1407	0.24	24.6
"Sample:N1,Pos:40085"	"WP_113886670.1"	91.667	12	1	0	166	201	1426	1437	0.24	24.6
"Sample:N1,Pos:40085"	"WP_113886670.1"	83.333	12	2	0	166	201	1348	1359	0.5	23.9
"Sample:N1,Pos:40085"	"WP_113886670.1"	83.333	12	2	0	166	201	1330	1341	0.67	23.5
"Sample:N1,Pos:40085"	"WP_113886670.1"	83.333	12	2	0	166	201	1342	1353	0.67	23.5
"Sample:N1,Pos:40085"	"WP_113886670.1"	83.333	12	2	0	166	201	1360	1371	0.67	23.5
"Sample:N1,Pos:40085"	"WP_113886670.1"	83.333	12	2	0	166	201	1372	1383	0.67	23.5
"Sample:N1,Pos:40085"	"WP_113886670.1"	83.333	12	2	0	166	201	1402	1413	0.67	23.5
"Sample:N1,Pos:40085"	"WP_113886670.1"	83.333	12	2	0	166	201	1414	1425	0.67	23.5
"Sample:N1,Pos:40085"	"WP_113886670.1"	83.333	12	2	0	166	201	1432	1443	0.67	23.5
"Sample:N1,Pos:40085"	"WP_113886670.1"	83.333	12	2	0	166	201	1444	1455	0.67	23.5
"Sample:N1,Pos:40085"	"WP_113886670.1"	83.333	12	2	0	166	201	1456	1467	0.67	23.5
"Sample:N1,Pos:40085"	"WP_113886670.1"	75	12	3	0	166	201	1378	1389	3.1	21.6
"Sample:N1,Pos:40085"	"WP_113886670.1"	75	12	3	0	166	201	1384	1395	3.1	21.6
"Sample:N1,Pos:40085"	"WP_113886670.1"	81.818	11	2	0	169	201	1325	1335	4.1	21.2
"Sample:N1,Pos:40085"	"WP_086875080.1"	37.037	27	17	0	57	137	70	96	4.7	21.2
"Sample:N1,Pos:40088"	"WP_113886670.1"	96.154	52	2	0	3	158	1366	1417	5.81e-24	88.6
"Sample:N1,Pos:40088"	"WP_113886670.1"	94.231	52	3	0	3	158	1396	1447	1.87e-23	87.4
"Sample:N1,Pos:40088"	"WP_113886670.1"	92.308	52	4	0	3	158	1408	1459	7.6e-23	85.5
"Sample:N1,Pos:40088"	"WP_113886670.1"	92.308	52	4	0	3	158	1336	1387	7.75e-23	85.5
"Sample:N1,Pos:40088"	"WP_113886670.1"	90.385	52	5	0	3	158	1390	1441	2.49e-22	84
"Sample:N1,Pos:40088"	"WP_113886670.1"	88.462	52	6	0	3	158	1330	1381	1.01e-21	82.4
"Sample:N1,Pos:40088"	"WP_113886670.1"	88.462	52	6	0	3	158	1342	1393	1.03e-21	82.4
"Sample:N1,Pos:40088"	"WP_113886670.1"	88.462	52	6	0	3	158	1354	1405	1.03e-21	82.4
"Sample:N1,Pos:40088"	"WP_113886670.1"	88.462	52	6	0	3	158	1378	1429	1.03e-21	82.4
"Sample:N1,Pos:40088"	"WP_113886670.1"	92	50	4	0	3	152	1420	1469	1.09e-21	82.4
"Sample:N1,Pos:40088"	"WP_113886670.1"	90.196	51	5	0	6	158	1325	1375	1.48e-21	82
"Sample:N1,Pos:40088"	"WP_113886670.1"	86.538	52	7	0	3	158	1402	1453	3.33e-21	80.9
"Sample:N1,Pos:40088"	"WP_113886670.1"	86.538	52	7	0	3	158	1414	1465	3.33e-21	80.9
"Sample:N1,Pos:40088"	"WP_113886670.1"	86.538	52	7	0	3	158	1360	1411	3.4e-21	80.9
"Sample:N1,Pos:40088"	"WP_113886670.1"	86.538	52	7	0	3	158	1372	1423	3.4e-21	80.9
"Sample:N1,Pos:40088"	"WP_113886670.1"	86.538	52	7	0	3	158	1384	1435	3.4e-21	80.9
"Sample:N1,Pos:40088"	"WP_113886670.1"	86.538	52	7	0	3	158	1348	1399	4.21e-21	80.5
"Sample:N1,Pos:40088"	"WP_113886670.1"	77.551	49	11	0	12	158	1321	1369	1.66e-16	67.4
"Sample:N1,Pos:40088"	"WP_113886670.1"	59.375	64	26	0	3	194	1432	1495	9.09e-15	62.8
"Sample:N1,Pos:40088"	"WP_113886670.1"	66.667	21	7	0	96	158	1319	1339	0.00053	26.9
"Sample:N1,Pos:40088"	"WP_113886670.1"	92.308	13	1	0	163	201	1336	1348	0.00053	26.6
"Sample:N1,Pos:40088"	"WP_113886670.1"	92.308	13	1	0	163	201	1354	1366	0.051	26.6
"Sample:N1,Pos:40088"	"WP_113886670.1"	92.308	13	1	0	163	201	1366	1378	0.051	26.6
"Sample:N1,Pos:40088"	"WP_113886670.1"	92.308	13	1	0	163	201	1390	1402	0.051	26.6
"Sample:N1,Pos:40088"	"WP_113886670.1"	92.308	13	1	0	163	201	1408	1420	0.051	26.6
"Sample:N1,Pos:40088"	"WP_113886670.1"	92.308	13	1	0	163	201	1420	1432	0.051	26.6
"Sample:N1,Pos:40088"	"WP_113886670.1"	92.308	13	1	0	163	201	1438	1450	0.051	26.6
"Sample:N1,Pos:40088"	"WP_113886670.1"	92.308	13	1	0	163	201	1450	1462	0.051	26.6
"Sample:N1,Pos:40088"	"WP_113886670.1"	92.308	13	1	0	163	201	1396	1408	0.068	26.2
"Sample:N1,Pos:40088"	"WP_113886670.1"	92.308	13	1	0	163	201	1426	1438	0.068	26.2
"Sample:N1,Pos:40088"	"WP_113886670.1"	84.615	13	2	0	163	201	1348	1360	0.14	25.4
"Sample:N1,Pos:40088"	"WP_113886670.1"	84.615	13	2	0	163	201	1330	1342	0.19	25
"Sample:N1,Pos:40088"	"WP_113886670.1"	84.615	13	2	0	163	201	1342	1354	0.19	25
"Sample:N1,Pos:40088"	"WP_113886670.1"	84.615	13	2	0	163	201	1360	1372	0.19	25
"Sample:N1,Pos:40088"	"WP_113886670.1"	84.615	13	2	0	163	201	1372	1384	0.19	25
"Sample:N1,Pos:40088"	"WP_113886670.1"	84.615	13	2	0	163	201	1402	1414	0.19	25
"Sample:N1,Pos:40088"	"WP_113886670.1"	84.615	13	2	0	163	201	1414	1426	0.19	25
"Sample:N1,Pos:40088"	"WP_113886670.1"	84.615	13	2	0	163	201	1432	1444	0.19	25
"Sample:N1,Pos:40088"	"WP_113886670.1"	84.615	13	2	0	163	201	1444	1456	0.19	25
"Sample:N1,Pos:40088"	"WP_113886670.1"	84.615	13	2	0	163	201	1456	1468	0.19	25
"Sample:N1,Pos:40088"	"WP_113886670.1"	76.923	13	3	0	163	201	1378	1390	0.91	23.1
"Sample:N1,Pos:40088"	"WP_113886670.1"	76.923	13	3	0	163	201	1384	1396	0.91	23.1
"Sample:N1,Pos:40088"	"WP_113886670.1"	83.333	12	2	0	166	201	1325	1336	1.1	23.1
"Sample:N1,Pos:40088"	"WP_086875080.1"	37.037	27	17	0	54	134	70	96	4.9	20.8
"Sample:N1,Pos:40137"	"WP_113886670.1"	94.444	36	2	0	2	109	1412	1447	3.73e-16	62.8
"Sample:N1,Pos:40137"	"WP_113886670.1"	93.75	16	1	0	114	161	1450	1465	3.73e-16	32.7
"Sample:N1,Pos:40137"	"WP_113886670.1"	94.444	36	2	0	2	109	1382	1417	4.33e-16	62.4
"Sample:N1,Pos:40137"	"WP_113886670.1"	93.75	16	1	0	114	161	1420	1435	4.33e-16	32.7
"Sample:N1,Pos:40137"	"WP_113886670.1"	91.667	36	3	0	2	109	1340	1375	1.17e-15	60.8
"Sample:N1,Pos:40137"	"WP_113886670.1"	93.75	16	1	0	114	161	1390	1405	1.17e-15	32.7
"Sample:N1,Pos:40137"	"WP_113886670.1"	88.889	36	4	0	2	109	1346	1381	2.99e-15	59.7
"Sample:N1,Pos:40137"	"WP_113886670.1"	88.889	36	4	0	2	109	1388	1423	2.99e-15	59.7
"Sample:N1,Pos:40137"	"WP_113886670.1"	93.75	16	1	0	114	161	1408	1423	2.99e-15	32.7
"Sample:N1,Pos:40137"	"WP_113886670.1"	93.75	16	1	0	114	161	1438	1453	2.99e-15	32.7
"Sample:N1,Pos:40137"	"WP_113886670.1"	88.889	36	4	0	2	109	1394	1429	3.41e-15	59.7
"Sample:N1,Pos:40137"	"WP_113886670.1"	93.75	16	1	0	114	161	1426	1441	3.41e-15	32.3
"Sample:N1,Pos:40137"	"WP_113886670.1"	88.889	36	4	0	2	109	1352	1387	3.95e-15	59.3
"Sample:N1,Pos:40137"	"WP_113886670.1"	93.75	16	1	0	114	161	1396	1411	3.95e-15	32.3
"Sample:N1,Pos:40137"	"WP_113886670.1"	88.889	36	4	0	2	109	1328	1363	4.11e-15	59.3
"Sample:N1,Pos:40137"	"WP_113886670.1"	93.75	16	1	0	114	161	1366	1381	4.11e-15	32.7
"Sample:N1,Pos:40137"	"WP_113886670.1"	88.889	36	4	0	2	109	1358	1393	1e-14	59.3
"Sample:N1,Pos:40137"	"WP_113886670.1"	87.5	16	2	0	114	161	1402	1417	1e-14	30.8
"Sample:N1,Pos:40137"	"WP_113886670.1"	86.111	36	5	0	2	109	1400	1435	2.21e-14	58.2
"Sample:N1,Pos:40137"	"WP_113886670.1"	86.111	36	5	0	2	109	1406	1441	2.21e-14	58.2
"Sample:N1,Pos:40137"	"WP_113886670.1"	87.5	16	2	0	114	161	1432	1447	2.21e-14	30.8
"Sample:N1,Pos:40137"	"WP_113886670.1"	87.5	16	2	0	114	161	1444	1459	2.21e-14	30.8
"Sample:N1,Pos:40137"	"WP_113886670.1"	86.111	36	5	0	2	109	1376	1411	2.55e-14	58.2
"Sample:N1,Pos:40137"	"WP_113886670.1"	87.5	16	2	0	114	161	1414	1429	2.55e-14	30.8
"Sample:N1,Pos:40137"	"WP_113886670.1"	88.889	36	4	0	2	109	1424	1459	1.03e-13	59.7
"Sample:N1,Pos:40137"	"WP_113886670.1"	86.111	36	5	0	2	109	1418	1453	2.99e-13	58.2
"Sample:N1,Pos:40137"	"WP_113886670.1"	85.714	14	2	0	114	155	1456	1469	2.99e-13	26.9
"Sample:N1,Pos:40137"	"WP_113886670.1"	83.333	36	6	0	2	109	1334	1369	3.03e-13	56.6
"Sample:N1,Pos:40137"	"WP_113886670.1"	81.25	16	3	0	114	161	1378	1393	3.03e-13	28.9
"Sample:N1,Pos:40137"	"WP_113886670.1"	86.111	36	5	0	2	109	1430	1465	3.16e-13	58.2
"Sample:N1,Pos:40137"	"WP_113886670.1"	84.848	33	5	0	11	109	1325	1357	4.2e-13	52.4
"Sample:N1,Pos:40137"	"WP_113886670.1"	93.75	16	1	0	114	161	1354	1369	4.2e-13	32.7
"Sample:N1,Pos:40137"	"WP_113886670.1"	83.333	36	6	0	2	109	1364	1399	1.48e-12	56.2
"Sample:N1,Pos:40137"	"WP_113886670.1"	83.333	36	6	0	2	109	1370	1405	1.48e-12	56.2
"Sample:N1,Pos:40137"	"WP_113886670.1"	88.235	34	4	0	2	103	1436	1469	1.57e-12	56.2
"Sample:N1,Pos:40137"	"WP_113886670.1"	74.194	31	8	0	17	109	1321	1351	6.42e-10	42.7
"Sample:N1,Pos:40137"	"WP_113886670.1"	87.5	16	2	0	114	161	1348	1363	6.42e-10	31.2
"Sample:N1,Pos:40137"	"WP_113886670.1"	50	48	24	0	2	145	1448	1495	1.04e-06	39.7
"Sample:N1,Pos:40137"	"WP_113886670.1"	93.75	16	1	0	114	161	1336	1351	7.57e-06	32.7
"Sample:N1,Pos:40137"	"WP_113886670.1"	66.667	21	7	0	47	109	1319	1339	7.57e-06	27.3
"Sample:N1,Pos:40137"	"WP_113886670.1"	87.5	16	2	0	114	161	1330	1345	0.001	30.8
"Sample:N1,Pos:40137"	"WP_113886670.1"	87.5	16	2	0	114	161	1342	1357	0.001	30.8
"Sample:N1,Pos:40137"	"WP_113886670.1"	87.5	16	2	0	114	161	1360	1375	0.001	30.8
"Sample:N1,Pos:40137"	"WP_113886670.1"	86.667	15	2	0	117	161	1325	1339	0.008	28.9
"Sample:N1,Pos:40137"	"WP_113886670.1"	81.25	16	3	0	114	161	1384	1399	0.008	28.9
"Sample:N1,Pos:40137"	"WP_113886670.1"	81.25	16	3	0	114	161	1372	1387	0.01	28.5
"Sample:N1,Pos:40137"	"WP_086874545.1"	92.308	13	1	0	162	200	18	30	0.001	31.2
"Sample:N1,Pos:40137"	"WP_004898281.1"	40	20	12	0	115	174	25	44	1.8	22.3
"Sample:N1,Pos:40137"	"WP_113886592.1"	80	10	2	0	109	80	91	100	4	21.2
"Sample:N1,Pos:40137"	"WP_113886625.1"	34.211	38	21	1	53	166	518	551	4.4	21.2
"Sample:N1,Pos:40137"	"WP_086875080.1"	37.037	27	17	0	5	85	70	96	5.9	20.8
"Sample:N1,Pos:40137"	"WP_023599365.1"	55.556	9	4	0	123	149	217	225	6.8	20.8
"Sample:N1,Pos:40137"	"WP_086874599.1"	85.714	7	1	0	140	120	332	338	8.7	20.4
"Sample:N1,Pos:40139"	"WP_113886670.1"	94.286	35	2	0	3	107	1413	1447	1.42e-15	60.5
"Sample:N1,Pos:40139"	"WP_113886670.1"	93.75	16	1	0	112	159	1450	1465	1.42e-15	32.7
"Sample:N1,Pos:40139"	"WP_113886670.1"	94.286	35	2	0	3	107	1383	1417	1.55e-15	60.5
"Sample:N1,Pos:40139"	"WP_113886670.1"	93.75	16	1	0	112	159	1420	1435	1.55e-15	32.7
"Sample:N1,Pos:40139"	"WP_113886670.1"	91.429	35	3	0	3	107	1329	1363	4.18e-15	58.9
"Sample:N1,Pos:40139"	"WP_113886670.1"	91.429	35	3	0	3	107	1341	1375	4.18e-15	58.9
"Sample:N1,Pos:40139"	"WP_113886670.1"	91.429	35	3	0	3	107	1347	1381	4.18e-15	58.9
"Sample:N1,Pos:40139"	"WP_113886670.1"	93.75	16	1	0	112	159	1366	1381	4.18e-15	32.7
"Sample:N1,Pos:40139"	"WP_113886670.1"	93.75	16	1	0	112	159	1390	1405	4.18e-15	32.7
"Sample:N1,Pos:40139"	"WP_113886670.1"	93.75	16	1	0	112	159	1408	1423	4.18e-15	32.7
"Sample:N1,Pos:40139"	"WP_113886670.1"	88.571	35	4	0	3	107	1389	1423	1.13e-14	57.4
"Sample:N1,Pos:40139"	"WP_113886670.1"	93.75	16	1	0	112	159	1438	1453	1.13e-14	32.7
"Sample:N1,Pos:40139"	"WP_113886670.1"	88.571	35	4	0	3	107	1395	1429	1.29e-14	57.4
"Sample:N1,Pos:40139"	"WP_113886670.1"	93.75	16	1	0	112	159	1426	1441	1.29e-14	32.3
"Sample:N1,Pos:40139"	"WP_113886670.1"	88.571	35	4	0	3	107	1353	1387	1.4e-14	57.4
"Sample:N1,Pos:40139"	"WP_113886670.1"	93.75	16	1	0	112	159	1396	1411	1.4e-14	32.3
"Sample:N1,Pos:40139"	"WP_113886670.1"	88.571	35	4	0	3	107	1401	1435	3.29e-14	57.4
"Sample:N1,Pos:40139"	"WP_113886670.1"	88.571	35	4	0	3	107	1407	1441	3.29e-14	57.4
"Sample:N1,Pos:40139"	"WP_113886670.1"	87.5	16	2	0	112	159	1432	1447	3.29e-14	31.2
"Sample:N1,Pos:40139"	"WP_113886670.1"	87.5	16	2	0	112	159	1444	1459	3.29e-14	31.2
"Sample:N1,Pos:40139"	"WP_113886670.1"	88.571	35	4	0	3	107	1359	1393	3.57e-14	57.4
"Sample:N1,Pos:40139"	"WP_113886670.1"	88.571	35	4	0	3	107	1377	1411	3.57e-14	57.4
"Sample:N1,Pos:40139"	"WP_113886670.1"	87.5	16	2	0	112	159	1402	1417	3.57e-14	31.2
"Sample:N1,Pos:40139"	"WP_113886670.1"	87.5	16	2	0	112	159	1414	1429	3.57e-14	31.2
"Sample:N1,Pos:40139"	"WP_113886670.1"	84.848	33	5	0	9	107	1325	1357	4.03e-13	52.4
"Sample:N1,Pos:40139"	"WP_113886670.1"	93.75	16	1	0	112	159	1354	1369	4.03e-13	32.7
"Sample:N1,Pos:40139"	"WP_113886670.1"	85.714	35	5	0	3	107	1335	1369	4.34e-13	55.8
"Sample:N1,Pos:40139"	"WP_113886670.1"	81.25	16	3	0	112	159	1378	1393	4.34e-13	28.9
"Sample:N1,Pos:40139"	"WP_113886670.1"	88.571	35	4	0	3	107	1419	1453	4.48e-13	57.4
"Sample:N1,Pos:40139"	"WP_113886670.1"	85.714	14	2	0	112	153	1456	1469	4.48e-13	27.3
"Sample:N1,Pos:40139"	"WP_113886670.1"	88.571	35	4	0	3	107	1425	1459	5.67e-13	57.4
"Sample:N1,Pos:40139"	"WP_113886670.1"	88.571	35	4	0	3	107	1431	1465	5.67e-13	57.4
"Sample:N1,Pos:40139"	"WP_113886670.1"	85.714	35	5	0	3	107	1365	1399	2.27e-12	55.8
"Sample:N1,Pos:40139"	"WP_113886670.1"	90.909	33	3	0	3	101	1437	1469	2.58e-12	55.5
"Sample:N1,Pos:40139"	"WP_113886670.1"	82.857	35	6	0	3	107	1371	1405	7.51e-12	54.3
"Sample:N1,Pos:40139"	"WP_113886670.1"	74.194	31	8	0	15	107	1321	1351	6.63e-10	42.7
"Sample:N1,Pos:40139"	"WP_113886670.1"	87.5	16	2	0	112	159	1348	1363	6.63e-10	31.2
"Sample:N1,Pos:40139"	"WP_113886670.1"	51.064	47	23	0	3	143	1449	1495	1.35e-06	39.3
"Sample:N1,Pos:40139"	"WP_113886670.1"	93.75	16	1	0	112	159	1336	1351	7.73e-06	32.7
"Sample:N1,Pos:40139"	"WP_113886670.1"	66.667	21	7	0	45	107	1319	1339	7.73e-06	27.3
"Sample:N1,Pos:40139"	"WP_113886670.1"	87.5	16	2	0	112	159	1330	1345	0.001	31.2
"Sample:N1,Pos:40139"	"WP_113886670.1"	87.5	16	2	0	112	159	1342	1357	0.001	31.2
"Sample:N1,Pos:40139"	"WP_113886670.1"	87.5	16	2	0	112	159	1360	1375	0.001	31.2
"Sample:N1,Pos:40139"	"WP_113886670.1"	86.667	15	2	0	115	159	1325	1339	0.007	28.9
"Sample:N1,Pos:40139"	"WP_113886670.1"	81.25	16	3	0	112	159	1384	1399	0.008	28.9
"Sample:N1,Pos:40139"	"WP_113886670.1"	81.25	16	3	0	112	159	1372	1387	0.01	28.9
"Sample:N1,Pos:40139"	"WP_086874545.1"	92.857	14	1	0	160	201	18	31	0.000322	32.7
"Sample:N1,Pos:40139"	"WP_004898281.1"	40	20	12	0	113	172	25	44	1.8	22.3
"Sample:N1,Pos:40139"	"WP_113886625.1"	34.211	38	21	1	51	164	518	551	4.1	21.2
"Sample:N1,Pos:40139"	"WP_086875080.1"	37.037	27	17	0	3	83	70	96	5.5	20.8
"Sample:N1,Pos:40139"	"WP_086874599.1"	85.714	7	1	0	138	118	332	338	6.5	20.8
"Sample:N1,Pos:40139"	"WP_023599365.1"	55.556	9	4	0	121	147	217	225	7	20.8
"Sample:N1,Pos:40139"	"WP_113886592.1"	80	10	2	0	107	78	91	100	8.8	20.4
"Sample:N1,Pos:40152"	"WP_113886670.1"	96.774	31	1	0	2	94	1387	1417	2.37e-14	56.2
"Sample:N1,Pos:40152"	"WP_113886670.1"	93.75	16	1	0	99	146	1420	1435	2.37e-14	33.1
"Sample:N1,Pos:40152"	"WP_113886670.1"	93.548	31	2	0	2	94	1417	1447	6.26e-14	54.7
"Sample:N1,Pos:40152"	"WP_113886670.1"	93.75	16	1	0	99	146	1450	1465	6.26e-14	33.1
"Sample:N1,Pos:40152"	"WP_113886670.1"	90.323	31	3	0	2	94	1333	1363	1.8e-13	53.1
"Sample:N1,Pos:40152"	"WP_113886670.1"	90.323	31	3	0	2	94	1345	1375	1.8e-13	53.1
"Sample:N1,Pos:40152"	"WP_113886670.1"	90.323	31	3	0	2	94	1351	1381	1.8e-13	53.1
"Sample:N1,Pos:40152"	"WP_113886670.1"	93.75	16	1	0	99	146	1366	1381	1.8e-13	33.1
"Sample:N1,Pos:40152"	"WP_113886670.1"	93.75	16	1	0	99	146	1390	1405	1.8e-13	33.1
"Sample:N1,Pos:40152"	"WP_113886670.1"	93.75	16	1	0	99	146	1408	1423	1.8e-13	33.1
"Sample:N1,Pos:40152"	"WP_113886670.1"	87.097	31	4	0	2	94	1393	1423	4.75e-13	51.6
"Sample:N1,Pos:40152"	"WP_113886670.1"	93.75	16	1	0	99	146	1438	1453	4.75e-13	33.1
"Sample:N1,Pos:40152"	"WP_113886670.1"	87.097	31	4	0	2	94	1399	1429	5.32e-13	51.6
"Sample:N1,Pos:40152"	"WP_113886670.1"	93.75	16	1	0	99	146	1426	1441	5.32e-13	32.7
"Sample:N1,Pos:40152"	"WP_113886670.1"	87.097	31	4	0	2	94	1327	1357	6.26e-13	51.2
"Sample:N1,Pos:40152"	"WP_113886670.1"	93.75	16	1	0	99	146	1354	1369	6.26e-13	33.1
"Sample:N1,Pos:40152"	"WP_113886670.1"	87.097	31	4	0	2	94	1357	1387	6.41e-13	51.2
"Sample:N1,Pos:40152"	"WP_113886670.1"	93.75	16	1	0	99	146	1396	1411	6.41e-13	32.7
"Sample:N1,Pos:40152"	"WP_113886670.1"	87.097	31	4	0	2	94	1405	1435	1.35e-12	51.6
"Sample:N1,Pos:40152"	"WP_113886670.1"	87.097	31	4	0	2	94	1411	1441	1.35e-12	51.6
"Sample:N1,Pos:40152"	"WP_113886670.1"	87.5	16	2	0	99	146	1432	1447	1.35e-12	31.6
"Sample:N1,Pos:40152"	"WP_113886670.1"	87.5	16	2	0	99	146	1444	1459	1.35e-12	31.6
"Sample:N1,Pos:40152"	"WP_113886670.1"	87.097	31	4	0	2	94	1363	1393	1.63e-12	51.2
"Sample:N1,Pos:40152"	"WP_113886670.1"	87.097	31	4	0	2	94	1381	1411	1.63e-12	51.2
"Sample:N1,Pos:40152"	"WP_113886670.1"	87.5	16	2	0	99	146	1402	1417	1.63e-12	31.6
"Sample:N1,Pos:40152"	"WP_113886670.1"	87.5	16	2	0	99	146	1414	1429	1.63e-12	31.6
"Sample:N1,Pos:40152"	"WP_113886670.1"	83.871	31	5	0	2	94	1339	1369	1.86e-11	50.1
"Sample:N1,Pos:40152"	"WP_113886670.1"	81.25	16	3	0	99	146	1378	1393	1.86e-11	29.3
"Sample:N1,Pos:40152"	"WP_113886670.1"	87.097	31	4	0	2	94	1423	1453	1.94e-11	51.6
"Sample:N1,Pos:40152"	"WP_113886670.1"	85.714	14	2	0	99	140	1456	1469	1.94e-11	27.7
"Sample:N1,Pos:40152"	"WP_113886670.1"	87.097	31	4	0	2	94	1429	1459	6.79e-11	51.6
"Sample:N1,Pos:40152"	"WP_113886670.1"	87.097	31	4	0	2	94	1435	1465	6.79e-11	51.6
"Sample:N1,Pos:40152"	"WP_113886670.1"	83.871	31	5	0	2	94	1369	1399	3.04e-10	49.7
"Sample:N1,Pos:40152"	"WP_113886670.1"	74.194	31	8	0	2	94	1321	1351	3.13e-10	43.5
"Sample:N1,Pos:40152"	"WP_113886670.1"	87.5	16	2	0	99	146	1348	1363	3.13e-10	31.6
"Sample:N1,Pos:40152"	"WP_113886670.1"	89.655	29	3	0	2	88	1441	1469	3.32e-10	49.7
"Sample:N1,Pos:40152"	"WP_113886670.1"	80.645	31	6	0	2	94	1375	1405	9.75e-10	48.5
"Sample:N1,Pos:40152"	"WP_113886670.1"	93.75	16	1	0	99	146	1336	1351	5.12e-06	33.1
"Sample:N1,Pos:40152"	"WP_113886670.1"	66.667	21	7	0	32	94	1319	1339	5.12e-06	27.3
"Sample:N1,Pos:40152"	"WP_113886670.1"	46.512	43	23	0	2	130	1453	1495	0.00021	33.1
"Sample:N1,Pos:40152"	"WP_113886670.1"	87.5	16	2	0	99	146	1330	1345	0.001	31.6
"Sample:N1,Pos:40152"	"WP_113886670.1"	87.5	16	2	0	99	146	1342	1357	0.001	31.6
"Sample:N1,Pos:40152"	"WP_113886670.1"	87.5	16	2	0	99	146	1360	1375	0.001	31.6
"Sample:N1,Pos:40152"	"WP_113886670.1"	86.667	15	2	0	102	146	1325	1339	0.005	29.3
"Sample:N1,Pos:40152"	"WP_113886670.1"	81.25	16	3	0	99	146	1384	1399	0.006	29.3
"Sample:N1,Pos:40152"	"WP_113886670.1"	81.25	16	3	0	99	146	1372	1387	0.007	28.9
"Sample:N1,Pos:40152"	"WP_086874545.1"	94.444	18	1	0	147	200	18	35	1.02e-07	42.7
"Sample:N1,Pos:40152"	"WP_004898281.1"	40	20	12	0	100	159	25	44	1.9	22.3
"Sample:N1,Pos:40152"	"WP_113886592.1"	80	10	2	0	94	65	91	100	4	21.2
"Sample:N1,Pos:40152"	"WP_113886625.1"	34.211	38	21	1	38	151	518	551	6.2	20.8
"Sample:N1,Pos:40152"	"WP_023599365.1"	55.556	9	4	0	108	134	217	225	6.8	20.8
"Sample:N1,Pos:40155"	"WP_113886670.1"	96.667	30	1	0	2	91	1388	1417	7.67e-14	54.3
"Sample:N1,Pos:40155"	"WP_113886670.1"	93.75	16	1	0	96	143	1420	1435	7.67e-14	33.1
"Sample:N1,Pos:40155"	"WP_113886670.1"	93.333	30	2	0	2	91	1418	1447	2.02e-13	52.8
"Sample:N1,Pos:40155"	"WP_113886670.1"	93.75	16	1	0	96	143	1450	1465	2.02e-13	33.1
"Sample:N1,Pos:40155"	"WP_113886670.1"	90	30	3	0	2	91	1334	1363	5.82e-13	51.2
"Sample:N1,Pos:40155"	"WP_113886670.1"	90	30	3	0	2	91	1346	1375	5.82e-13	51.2
"Sample:N1,Pos:40155"	"WP_113886670.1"	90	30	3	0	2	91	1352	1381	5.82e-13	51.2
"Sample:N1,Pos:40155"	"WP_113886670.1"	93.75	16	1	0	96	143	1366	1381	5.82e-13	33.1
"Sample:N1,Pos:40155"	"WP_113886670.1"	93.75	16	1	0	96	143	1390	1405	5.82e-13	33.1
"Sample:N1,Pos:40155"	"WP_113886670.1"	93.75	16	1	0	96	143	1408	1423	5.82e-13	33.1
"Sample:N1,Pos:40155"	"WP_113886670.1"	86.667	30	4	0	2	91	1394	1423	1.53e-12	50.1
"Sample:N1,Pos:40155"	"WP_113886670.1"	93.75	16	1	0	96	143	1438	1453	1.53e-12	33.1
"Sample:N1,Pos:40155"	"WP_113886670.1"	86.667	30	4	0	2	91	1400	1429	1.73e-12	50.1
"Sample:N1,Pos:40155"	"WP_113886670.1"	93.75	16	1	0	96	143	1426	1441	1.73e-12	32.7
"Sample:N1,Pos:40155"	"WP_113886670.1"	86.667	30	4	0	2	91	1328	1357	2.02e-12	49.7
"Sample:N1,Pos:40155"	"WP_113886670.1"	93.75	16	1	0	96	143	1354	1369	2.02e-12	33.1
"Sample:N1,Pos:40155"	"WP_113886670.1"	86.667	30	4	0	2	91	1358	1387	2.05e-12	49.7
"Sample:N1,Pos:40155"	"WP_113886670.1"	93.75	16	1	0	96	143	1396	1411	2.05e-12	32.7
"Sample:N1,Pos:40155"	"WP_113886670.1"	86.667	30	4	0	2	91	1406	1435	4.4e-12	50.1
"Sample:N1,Pos:40155"	"WP_113886670.1"	86.667	30	4	0	2	91	1412	1441	4.4e-12	50.1
"Sample:N1,Pos:40155"	"WP_113886670.1"	87.5	16	2	0	96	143	1432	1447	4.4e-12	31.6
"Sample:N1,Pos:40155"	"WP_113886670.1"	87.5	16	2	0	96	143	1444	1459	4.4e-12	31.6
"Sample:N1,Pos:40155"	"WP_113886670.1"	86.667	30	4	0	2	91	1364	1393	5.22e-12	49.7
"Sample:N1,Pos:40155"	"WP_113886670.1"	86.667	30	4	0	2	91	1382	1411	5.22e-12	49.7
"Sample:N1,Pos:40155"	"WP_113886670.1"	87.5	16	2	0	96	143	1402	1417	5.22e-12	31.6
"Sample:N1,Pos:40155"	"WP_113886670.1"	87.5	16	2	0	96	143	1414	1429	5.22e-12	31.6
"Sample:N1,Pos:40155"	"WP_113886670.1"	83.333	30	5	0	2	91	1340	1369	6.04e-11	48.5
"Sample:N1,Pos:40155"	"WP_113886670.1"	81.25	16	3	0	96	143	1378	1393	6.04e-11	29.3
"Sample:N1,Pos:40155"	"WP_113886670.1"	86.667	30	4	0	2	91	1424	1453	6.14e-11	50.1
"Sample:N1,Pos:40155"	"WP_113886670.1"	85.714	14	2	0	96	137	1456	1469	6.14e-11	27.7
"Sample:N1,Pos:40155"	"WP_113886670.1"	86.667	30	4	0	2	91	1430	1459	2.73e-10	50.1
"Sample:N1,Pos:40155"	"WP_113886670.1"	86.667	30	4	0	2	91	1436	1465	2.73e-10	50.1
"Sample:N1,Pos:40155"	"WP_113886670.1"	81.481	27	5	0	11	91	1325	1351	5.46e-10	42.7
"Sample:N1,Pos:40155"	"WP_113886670.1"	87.5	16	2	0	96	143	1348	1363	5.46e-10	31.6
"Sample:N1,Pos:40155"	"WP_113886670.1"	83.333	30	5	0	2	91	1370	1399	1.2e-09	48.1
"Sample:N1,Pos:40155"	"WP_113886670.1"	89.286	28	3	0	2	85	1442	1469	1.36e-09	47.8
"Sample:N1,Pos:40155"	"WP_113886670.1"	80	30	6	0	2	91	1376	1405	3.85e-09	46.6
"Sample:N1,Pos:40155"	"WP_113886670.1"	93.75	16	1	0	96	143	1336	1351	4.77e-06	33.1
"Sample:N1,Pos:40155"	"WP_113886670.1"	66.667	21	7	0	29	91	1319	1339	4.77e-06	27.7
"Sample:N1,Pos:40155"	"WP_113886670.1"	45.238	42	23	0	2	127	1454	1495	0.001	31.6
"Sample:N1,Pos:40155"	"WP_113886670.1"	87.5	16	2	0	96	143	1330	1345	0.001	31.6
"Sample:N1,Pos:40155"	"WP_113886670.1"	87.5	16	2	0	96	143	1342	1357	0.001	31.6
"Sample:N1,Pos:40155"	"WP_113886670.1"	87.5	16	2	0	96	143	1360	1375	0.001	31.6
"Sample:N1,Pos:40155"	"WP_113886670.1"	86.667	15	2	0	99	143	1325	1339	0.005	29.3
"Sample:N1,Pos:40155"	"WP_113886670.1"	81.25	16	3	0	96	143	1384	1399	0.006	29.3
"Sample:N1,Pos:40155"	"WP_113886670.1"	81.25	16	3	0	96	143	1372	1387	0.007	28.9
"Sample:N1,Pos:40155"	"WP_086874545.1"	94.737	19	1	0	144	200	18	36	3.04e-08	43.9
"Sample:N1,Pos:40155"	"WP_004898281.1"	40	20	12	0	97	156	25	44	1.8	22.3
"Sample:N1,Pos:40155"	"WP_113886592.1"	80	10	2	0	91	62	91	100	4	21.2
"Sample:N1,Pos:40155"	"WP_113886625.1"	34.211	38	21	1	35	148	518	551	5.8	20.8
"Sample:N1,Pos:40155"	"WP_023599365.1"	55.556	9	4	0	105	131	217	225	6.8	20.8
"Sample:N1,Pos:40155"	"WP_086874599.1"	85.714	7	1	0	122	102	332	338	9.4	20.4
"Sample:N1,Pos:40158"	"WP_113886670.1"	96.552	29	1	0	2	88	1389	1417	3.51e-13	52
"Sample:N1,Pos:40158"	"WP_113886670.1"	96.552	29	1	0	2	88	1419	1447	3.51e-13	52
"Sample:N1,Pos:40158"	"WP_113886670.1"	93.75	16	1	0	93	140	1420	1435	3.51e-13	33.1
"Sample:N1,Pos:40158"	"WP_113886670.1"	93.75	16	1	0	93	140	1450	1465	3.51e-13	33.1
"Sample:N1,Pos:40158"	"WP_113886670.1"	93.103	29	2	0	2	88	1335	1363	9.47e-13	50.8
"Sample:N1,Pos:40158"	"WP_113886670.1"	93.103	29	2	0	2	88	1347	1375	9.47e-13	50.8
"Sample:N1,Pos:40158"	"WP_113886670.1"	93.75	16	1	0	93	140	1366	1381	9.47e-13	33.1
"Sample:N1,Pos:40158"	"WP_113886670.1"	93.75	16	1	0	93	140	1390	1405	9.47e-13	33.1
"Sample:N1,Pos:40158"	"WP_113886670.1"	89.655	29	3	0	2	88	1329	1357	2.66e-12	49.3
"Sample:N1,Pos:40158"	"WP_113886670.1"	89.655	29	3	0	2	88	1353	1381	2.66e-12	49.3
"Sample:N1,Pos:40158"	"WP_113886670.1"	89.655	29	3	0	2	88	1401	1429	2.66e-12	49.3
"Sample:N1,Pos:40158"	"WP_113886670.1"	93.75	16	1	0	93	140	1354	1369	2.66e-12	33.1
"Sample:N1,Pos:40158"	"WP_113886670.1"	93.75	16	1	0	93	140	1408	1423	2.66e-12	33.1
"Sample:N1,Pos:40158"	"WP_113886670.1"	93.75	16	1	0	93	140	1438	1453	2.66e-12	33.1
"Sample:N1,Pos:40158"	"WP_113886670.1"	89.655	29	3	0	2	88	1365	1393	3.45e-12	48.9
"Sample:N1,Pos:40158"	"WP_113886670.1"	93.75	16	1	0	93	140	1396	1411	3.45e-12	32.7
"Sample:N1,Pos:40158"	"WP_113886670.1"	89.655	29	3	0	2	88	1407	1435	7.52e-12	49.3
"Sample:N1,Pos:40158"	"WP_113886670.1"	87.5	16	2	0	93	140	1432	1447	7.52e-12	31.6
"Sample:N1,Pos:40158"	"WP_113886670.1"	86.207	29	4	0	2	88	1395	1423	8.84e-12	47.8
"Sample:N1,Pos:40158"	"WP_113886670.1"	93.75	16	1	0	93	140	1426	1441	8.84e-12	32.7
"Sample:N1,Pos:40158"	"WP_113886670.1"	86.207	29	4	0	2	88	1413	1441	2.11e-11	47.8
"Sample:N1,Pos:40158"	"WP_113886670.1"	87.5	16	2	0	93	140	1444	1459	2.11e-11	31.6
"Sample:N1,Pos:40158"	"WP_113886670.1"	86.207	29	4	0	2	88	1359	1387	2.3e-11	47.4
"Sample:N1,Pos:40158"	"WP_113886670.1"	86.207	29	4	0	2	88	1383	1411	2.3e-11	47.4
"Sample:N1,Pos:40158"	"WP_113886670.1"	87.5	16	2	0	93	140	1402	1417	2.3e-11	31.6
"Sample:N1,Pos:40158"	"WP_113886670.1"	87.5	16	2	0	93	140	1414	1429	2.3e-11	31.6
"Sample:N1,Pos:40158"	"WP_113886670.1"	89.655	29	3	0	2	88	1431	1459	1.06e-10	49.3
"Sample:N1,Pos:40158"	"WP_113886670.1"	85.714	14	2	0	93	134	1456	1469	1.06e-10	27.3
"Sample:N1,Pos:40158"	"WP_113886670.1"	82.759	29	5	0	2	88	1341	1369	2.62e-10	46.2
"Sample:N1,Pos:40158"	"WP_113886670.1"	81.25	16	3	0	93	140	1378	1393	2.62e-10	29.3
"Sample:N1,Pos:40158"	"WP_113886670.1"	89.655	29	3	0	2	88	1437	1465	5.11e-10	49.3
"Sample:N1,Pos:40158"	"WP_113886670.1"	81.481	27	5	0	8	88	1325	1351	6.16e-10	42.4
"Sample:N1,Pos:40158"	"WP_113886670.1"	87.5	16	2	0	93	140	1348	1363	6.16e-10	31.6
"Sample:N1,Pos:40158"	"WP_113886670.1"	86.207	29	4	0	2	88	1425	1453	1.77e-09	47.8
"Sample:N1,Pos:40158"	"WP_113886670.1"	82.759	29	5	0	2	88	1371	1399	6.53e-09	45.8
"Sample:N1,Pos:40158"	"WP_113886670.1"	82.759	29	5	0	2	88	1377	1405	6.53e-09	45.8
"Sample:N1,Pos:40158"	"WP_113886670.1"	88.889	27	3	0	2	82	1443	1469	7.95e-09	45.8
"Sample:N1,Pos:40158"	"WP_113886670.1"	93.75	16	1	0	93	140	1336	1351	5.77e-06	33.1
"Sample:N1,Pos:40158"	"WP_113886670.1"	66.667	21	7	0	26	88	1319	1339	5.77e-06	27.3
"Sample:N1,Pos:40158"	"WP_113886670.1"	87.5	16	2	0	93	140	1330	1345	0.001	31.6
"Sample:N1,Pos:40158"	"WP_113886670.1"	87.5	16	2	0	93	140	1342	1357	0.001	31.6
"Sample:N1,Pos:40158"	"WP_113886670.1"	87.5	16	2	0	93	140	1360	1375	0.001	31.6
"Sample:N1,Pos:40158"	"WP_113886670.1"	43.902	41	23	0	2	124	1455	1495	0.004	29.6
"Sample:N1,Pos:40158"	"WP_113886670.1"	86.667	15	2	0	96	140	1325	1339	0.006	29.3
"Sample:N1,Pos:40158"	"WP_113886670.1"	81.25	16	3	0	93	140	1384	1399	0.006	29.3
"Sample:N1,Pos:40158"	"WP_113886670.1"	81.25	16	3	0	93	140	1372	1387	0.008	28.9
"Sample:N1,Pos:40158"	"WP_086874545.1"	95	20	1	0	141	200	18	37	6.04e-09	45.8
"Sample:N1,Pos:40158"	"WP_004898281.1"	40	20	12	0	94	153	25	44	1.7	22.3
"Sample:N1,Pos:40158"	"WP_113886592.1"	80	10	2	0	88	59	91	100	4	21.2
"Sample:N1,Pos:40158"	"WP_113886625.1"	34.211	38	21	1	32	145	518	551	5.8	20.8
"Sample:N1,Pos:40158"	"WP_086874714.1"	22.857	35	27	0	200	96	291	325	6.5	20.8
"Sample:N1,Pos:40158"	"WP_023599365.1"	55.556	9	4	0	102	128	217	225	6.8	20.8
"Sample:N1,Pos:40164"	"WP_113886670.1"	96.296	27	1	0	2	82	1391	1417	2.19e-12	49.3
"Sample:N1,Pos:40164"	"WP_113886670.1"	96.296	27	1	0	2	82	1421	1447	2.19e-12	49.3
"Sample:N1,Pos:40164"	"WP_113886670.1"	93.75	16	1	0	87	134	1420	1435	2.19e-12	33.1
"Sample:N1,Pos:40164"	"WP_113886670.1"	93.75	16	1	0	87	134	1450	1465	2.19e-12	33.1
"Sample:N1,Pos:40164"	"WP_113886670.1"	92.593	27	2	0	2	82	1337	1363	5.84e-12	47.8
"Sample:N1,Pos:40164"	"WP_113886670.1"	92.593	27	2	0	2	82	1349	1375	5.84e-12	47.8
"Sample:N1,Pos:40164"	"WP_113886670.1"	93.75	16	1	0	87	134	1366	1381	5.84e-12	33.1
"Sample:N1,Pos:40164"	"WP_113886670.1"	93.75	16	1	0	87	134	1390	1405	5.84e-12	33.1
"Sample:N1,Pos:40164"	"WP_113886670.1"	88.889	27	3	0	2	82	1331	1357	1.62e-11	46.2
"Sample:N1,Pos:40164"	"WP_113886670.1"	88.889	27	3	0	2	82	1355	1381	1.62e-11	46.2
"Sample:N1,Pos:40164"	"WP_113886670.1"	88.889	27	3	0	2	82	1403	1429	1.62e-11	46.2
"Sample:N1,Pos:40164"	"WP_113886670.1"	93.75	16	1	0	87	134	1354	1369	1.62e-11	33.1
"Sample:N1,Pos:40164"	"WP_113886670.1"	93.75	16	1	0	87	134	1408	1423	1.62e-11	33.1
"Sample:N1,Pos:40164"	"WP_113886670.1"	93.75	16	1	0	87	134	1438	1453	1.62e-11	33.1
"Sample:N1,Pos:40164"	"WP_113886670.1"	88.889	27	3	0	2	82	1367	1393	2.23e-11	46.2
"Sample:N1,Pos:40164"	"WP_113886670.1"	93.75	16	1	0	87	134	1396	1411	2.23e-11	32.7
"Sample:N1,Pos:40164"	"WP_113886670.1"	88.889	27	3	0	2	82	1409	1435	4.66e-11	46.2
"Sample:N1,Pos:40164"	"WP_113886670.1"	87.5	16	2	0	87	134	1432	1447	4.66e-11	31.6
"Sample:N1,Pos:40164"	"WP_113886670.1"	85.185	27	4	0	2	82	1397	1423	5.35e-11	44.7
"Sample:N1,Pos:40164"	"WP_113886670.1"	93.75	16	1	0	87	134	1426	1441	5.35e-11	32.7
"Sample:N1,Pos:40164"	"WP_113886670.1"	85.185	27	4	0	2	82	1415	1441	1.29e-10	44.7
"Sample:N1,Pos:40164"	"WP_113886670.1"	87.5	16	2	0	87	134	1444	1459	1.29e-10	31.6
"Sample:N1,Pos:40164"	"WP_113886670.1"	85.185	27	4	0	2	82	1361	1387	1.5e-10	44.7
"Sample:N1,Pos:40164"	"WP_113886670.1"	85.185	27	4	0	2	82	1385	1411	1.5e-10	44.7
"Sample:N1,Pos:40164"	"WP_113886670.1"	87.5	16	2	0	87	134	1402	1417	1.5e-10	31.6
"Sample:N1,Pos:40164"	"WP_113886670.1"	87.5	16	2	0	87	134	1414	1429	1.5e-10	31.6
"Sample:N1,Pos:40164"	"WP_113886670.1"	81.481	27	5	0	2	82	1325	1351	4.11e-10	42.7
"Sample:N1,Pos:40164"	"WP_113886670.1"	87.5	16	2	0	87	134	1348	1363	4.11e-10	32
"Sample:N1,Pos:40164"	"WP_113886670.1"	88.889	27	3	0	2	82	1433	1459	6.79e-10	46.2
"Sample:N1,Pos:40164"	"WP_113886670.1"	85.714	14	2	0	87	128	1456	1469	6.79e-10	27.7
"Sample:N1,Pos:40164"	"WP_113886670.1"	81.481	27	5	0	2	82	1343	1369	1.69e-09	43.1
"Sample:N1,Pos:40164"	"WP_113886670.1"	81.25	16	3	0	87	134	1378	1393	1.69e-09	29.3
"Sample:N1,Pos:40164"	"WP_113886670.1"	88.889	27	3	0	2	82	1439	1465	5.27e-09	46.2
"Sample:N1,Pos:40164"	"WP_113886670.1"	85.185	27	4	0	2	82	1427	1453	1.81e-08	44.7
"Sample:N1,Pos:40164"	"WP_113886670.1"	81.481	27	5	0	2	82	1373	1399	7.09e-08	43.1
"Sample:N1,Pos:40164"	"WP_113886670.1"	81.481	27	5	0	2	82	1379	1405	7.09e-08	43.1
"Sample:N1,Pos:40164"	"WP_113886670.1"	88	25	3	0	2	76	1445	1469	8.47e-08	42.7
"Sample:N1,Pos:40164"	"WP_113886670.1"	93.75	16	1	0	87	134	1336	1351	4.58e-06	33.1
"Sample:N1,Pos:40164"	"WP_113886670.1"	66.667	21	7	0	20	82	1319	1339	4.58e-06	27.3
"Sample:N1,Pos:40164"	"WP_113886670.1"	87.5	16	2	0	87	134	1330	1345	0.000843	31.6
"Sample:N1,Pos:40164"	"WP_113886670.1"	87.5	16	2	0	87	134	1342	1357	0.000843	31.6
"Sample:N1,Pos:40164"	"WP_113886670.1"	87.5	16	2	0	87	134	1360	1375	0.000843	31.6
"Sample:N1,Pos:40164"	"WP_113886670.1"	86.667	15	2	0	90	134	1325	1339	0.005	29.3
"Sample:N1,Pos:40164"	"WP_113886670.1"	81.25	16	3	0	87	134	1384	1399	0.006	29.3
"Sample:N1,Pos:40164"	"WP_113886670.1"	81.25	16	3	0	87	134	1372	1387	0.007	28.9
"Sample:N1,Pos:40164"	"WP_113886670.1"	41.026	39	23	0	2	118	1457	1495	0.05	26.6
"Sample:N1,Pos:40164"	"WP_086874545.1"	95.455	22	1	0	135	200	18	39	4.43e-10	49.3
"Sample:N1,Pos:40164"	"WP_004898281.1"	40	20	12	0	88	147	25	44	1.7	22.3
"Sample:N1,Pos:40164"	"WP_113886592.1"	80	10	2	0	82	53	91	100	4	21.2
"Sample:N1,Pos:40164"	"WP_086874714.1"	21.622	37	29	0	200	90	289	325	5.7	20.8
"Sample:N1,Pos:40164"	"WP_113886625.1"	34.211	38	21	1	26	139	518	551	6.1	20.8
"Sample:N1,Pos:40164"	"WP_023599365.1"	55.556	9	4	0	96	122	217	225	6.8	20.8
"Sample:N1,Pos:40164"	"WP_086875124.1"	38.889	18	11	0	144	197	138	155	6.8	20.8
"Sample:N1,Pos:40164"	"WP_011161820.1"	26.316	19	14	0	132	188	312	330	9.7	20
"Sample:N1,Pos:40170"	"WP_086874545.1"	95.833	24	1	0	129	200	18	41	1.27e-11	53.5
"Sample:N1,Pos:40170"	"WP_113886670.1"	96	25	1	0	2	76	1393	1417	1.75e-11	46.2
"Sample:N1,Pos:40170"	"WP_113886670.1"	96	25	1	0	2	76	1423	1447	1.75e-11	46.2
"Sample:N1,Pos:40170"	"WP_113886670.1"	93.75	16	1	0	81	128	1420	1435	1.75e-11	33.1
"Sample:N1,Pos:40170"	"WP_113886670.1"	93.75	16	1	0	81	128	1450	1465	1.75e-11	33.1
"Sample:N1,Pos:40170"	"WP_113886670.1"	92	25	2	0	2	76	1339	1363	4.59e-11	44.7
"Sample:N1,Pos:40170"	"WP_113886670.1"	92	25	2	0	2	76	1351	1375	4.59e-11	44.7
"Sample:N1,Pos:40170"	"WP_113886670.1"	93.75	16	1	0	81	128	1366	1381	4.59e-11	33.1
"Sample:N1,Pos:40170"	"WP_113886670.1"	93.75	16	1	0	81	128	1390	1405	4.59e-11	33.1
"Sample:N1,Pos:40170"	"WP_113886670.1"	88	25	3	0	2	76	1333	1357	1.25e-10	43.1
"Sample:N1,Pos:40170"	"WP_113886670.1"	88	25	3	0	2	76	1357	1381	1.25e-10	43.1
"Sample:N1,Pos:40170"	"WP_113886670.1"	88	25	3	0	2	76	1387	1411	1.25e-10	43.1
"Sample:N1,Pos:40170"	"WP_113886670.1"	93.75	16	1	0	81	128	1354	1369	1.25e-10	33.1
"Sample:N1,Pos:40170"	"WP_113886670.1"	93.75	16	1	0	81	128	1408	1423	1.25e-10	33.1
"Sample:N1,Pos:40170"	"WP_113886670.1"	93.75	16	1	0	81	128	1438	1453	1.25e-10	33.1
"Sample:N1,Pos:40170"	"WP_113886670.1"	88	25	3	0	2	76	1405	1429	1.55e-10	43.1
"Sample:N1,Pos:40170"	"WP_113886670.1"	93.75	16	1	0	81	128	1426	1441	1.55e-10	32.7
"Sample:N1,Pos:40170"	"WP_113886670.1"	88	25	3	0	2	76	1369	1393	1.92e-10	42.7
"Sample:N1,Pos:40170"	"WP_113886670.1"	93.75	16	1	0	81	128	1396	1411	1.92e-10	32.7
"Sample:N1,Pos:40170"	"WP_113886670.1"	88	25	3	0	2	76	1411	1435	3.53e-10	43.1
"Sample:N1,Pos:40170"	"WP_113886670.1"	87.5	16	2	0	81	128	1432	1447	3.53e-10	31.6
"Sample:N1,Pos:40170"	"WP_113886670.1"	84	25	4	0	2	76	1399	1423	9.61e-10	41.6
"Sample:N1,Pos:40170"	"WP_113886670.1"	87.5	16	2	0	81	128	1444	1459	9.61e-10	31.6
"Sample:N1,Pos:40170"	"WP_113886670.1"	84	25	4	0	2	76	1327	1351	9.69e-10	41.2
"Sample:N1,Pos:40170"	"WP_113886670.1"	87.5	16	2	0	81	128	1348	1363	9.69e-10	32
"Sample:N1,Pos:40170"	"WP_113886670.1"	84	25	4	0	2	76	1363	1387	1.2e-09	41.2
"Sample:N1,Pos:40170"	"WP_113886670.1"	87.5	16	2	0	81	128	1402	1417	1.2e-09	31.6
"Sample:N1,Pos:40170"	"WP_113886670.1"	80	25	5	0	2	76	1375	1399	3.13e-09	40
"Sample:N1,Pos:40170"	"WP_113886670.1"	87.5	16	2	0	81	128	1414	1429	3.13e-09	31.6
"Sample:N1,Pos:40170"	"WP_113886670.1"	88	25	3	0	2	76	1435	1459	5.24e-09	43.1
"Sample:N1,Pos:40170"	"WP_113886670.1"	85.714	14	2	0	81	122	1456	1469	5.24e-09	27.7
"Sample:N1,Pos:40170"	"WP_113886670.1"	95	20	1	0	17	76	1326	1345	1.15e-08	38.1
"Sample:N1,Pos:40170"	"WP_113886670.1"	87.5	16	2	0	81	128	1342	1357	1.15e-08	31.6
"Sample:N1,Pos:40170"	"WP_113886670.1"	80	25	5	0	2	76	1345	1369	1.22e-08	40.4
"Sample:N1,Pos:40170"	"WP_113886670.1"	81.25	16	3	0	81	128	1378	1393	1.22e-08	29.3
"Sample:N1,Pos:40170"	"WP_113886670.1"	88	25	3	0	2	76	1441	1465	6.56e-08	43.1
"Sample:N1,Pos:40170"	"WP_113886670.1"	84	25	4	0	2	76	1417	1441	2.22e-07	41.6
"Sample:N1,Pos:40170"	"WP_113886670.1"	84	25	4	0	2	76	1429	1453	2.22e-07	41.6
"Sample:N1,Pos:40170"	"WP_113886670.1"	80	25	5	0	2	76	1381	1405	9.31e-07	40
"Sample:N1,Pos:40170"	"WP_113886670.1"	86.957	23	3	0	2	70	1447	1469	1.08e-06	39.7
"Sample:N1,Pos:40170"	"WP_113886670.1"	93.75	16	1	0	81	128	1336	1351	3.97e-06	33.1
"Sample:N1,Pos:40170"	"WP_113886670.1"	66.667	21	7	0	14	76	1319	1339	3.97e-06	27.7
"Sample:N1,Pos:40170"	"WP_113886670.1"	87.5	16	2	0	81	128	1330	1345	0.000787	31.6
"Sample:N1,Pos:40170"	"WP_113886670.1"	87.5	16	2	0	81	128	1360	1375	0.000787	31.6
"Sample:N1,Pos:40170"	"WP_113886670.1"	86.667	15	2	0	84	128	1325	1339	0.005	29.6
"Sample:N1,Pos:40170"	"WP_113886670.1"	81.25	16	3	0	81	128	1384	1399	0.005	29.3
"Sample:N1,Pos:40170"	"WP_113886670.1"	81.25	16	3	0	81	128	1372	1387	0.007	28.9
"Sample:N1,Pos:40170"	"WP_113886670.1"	37.838	37	23	0	2	112	1459	1495	0.73	23.5
"Sample:N1,Pos:40170"	"WP_004898281.1"	40	20	12	0	82	141	25	44	1.6	22.3
"Sample:N1,Pos:40170"	"WP_113886592.1"	80	10	2	0	76	47	91	100	4	21.2
"Sample:N1,Pos:40170"	"WP_086874714.1"	21.053	38	30	0	197	84	288	325	4.9	21.2
"Sample:N1,Pos:40170"	"WP_023599365.1"	55.556	9	4	0	90	116	217	225	6.8	20.8
"Sample:N1,Pos:40170"	"WP_086875124.1"	38.889	18	11	0	138	191	138	155	7.1	20.8
"Sample:N1,Pos:40170"	"WP_113886625.1"	34.211	38	21	1	20	133	518	551	7.4	20.4
"Sample:N1,Pos:40170"	"WP_011161820.1"	26.316	19	14	0	126	182	312	330	8.9	20.4
"Sample:N1,Pos:40173"	"WP_086874545.1"	96	25	1	0	126	200	18	42	1.58e-12	56.2
"Sample:N1,Pos:40173"	"WP_113886670.1"	95.833	24	1	0	2	73	1394	1417	6.99e-11	44.7
"Sample:N1,Pos:40173"	"WP_113886670.1"	95.833	24	1	0	2	73	1424	1447	6.99e-11	44.7
"Sample:N1,Pos:40173"	"WP_113886670.1"	93.75	16	1	0	78	125	1420	1435	6.99e-11	32.7
"Sample:N1,Pos:40173"	"WP_113886670.1"	93.75	16	1	0	78	125	1450	1465	6.99e-11	32.7
"Sample:N1,Pos:40173"	"WP_113886670.1"	91.667	24	2	0	2	73	1340	1363	1.83e-10	43.1
"Sample:N1,Pos:40173"	"WP_113886670.1"	91.667	24	2	0	2	73	1352	1375	1.83e-10	43.1
"Sample:N1,Pos:40173"	"WP_113886670.1"	93.75	16	1	0	78	125	1366	1381	1.83e-10	32.7
"Sample:N1,Pos:40173"	"WP_113886670.1"	93.75	16	1	0	78	125	1390	1405	1.83e-10	32.7
"Sample:N1,Pos:40173"	"WP_113886670.1"	87.5	24	3	0	2	73	1334	1357	5e-10	41.6
"Sample:N1,Pos:40173"	"WP_113886670.1"	87.5	24	3	0	2	73	1358	1381	5e-10	41.6
"Sample:N1,Pos:40173"	"WP_113886670.1"	87.5	24	3	0	2	73	1388	1411	5e-10	41.6
"Sample:N1,Pos:40173"	"WP_113886670.1"	93.75	16	1	0	78	125	1354	1369	5e-10	32.7
"Sample:N1,Pos:40173"	"WP_113886670.1"	93.75	16	1	0	78	125	1408	1423	5e-10	32.7
"Sample:N1,Pos:40173"	"WP_113886670.1"	93.75	16	1	0	78	125	1438	1453	5e-10	32.7
"Sample:N1,Pos:40173"	"WP_113886670.1"	87.5	24	3	0	2	73	1406	1429	6.21e-10	41.6
"Sample:N1,Pos:40173"	"WP_113886670.1"	93.75	16	1	0	78	125	1426	1441	6.21e-10	32.3
"Sample:N1,Pos:40173"	"WP_113886670.1"	87.5	24	3	0	2	73	1370	1393	7.61e-10	41.2
"Sample:N1,Pos:40173"	"WP_113886670.1"	93.75	16	1	0	78	125	1396	1411	7.61e-10	32.3
"Sample:N1,Pos:40173"	"WP_113886670.1"	87.5	24	3	0	2	73	1412	1435	1.43e-09	41.6
"Sample:N1,Pos:40173"	"WP_113886670.1"	87.5	16	2	0	78	125	1432	1447	1.43e-09	31.2
"Sample:N1,Pos:40173"	"WP_113886670.1"	83.333	24	4	0	2	73	1400	1423	3.89e-09	40
"Sample:N1,Pos:40173"	"WP_113886670.1"	87.5	16	2	0	78	125	1444	1459	3.89e-09	31.2
"Sample:N1,Pos:40173"	"WP_113886670.1"	83.333	24	4	0	2	73	1328	1351	3.89e-09	39.7
"Sample:N1,Pos:40173"	"WP_113886670.1"	87.5	16	2	0	78	125	1348	1363	3.89e-09	31.6
"Sample:N1,Pos:40173"	"WP_113886670.1"	83.333	24	4	0	2	73	1364	1387	4.76e-09	39.7
"Sample:N1,Pos:40173"	"WP_113886670.1"	87.5	16	2	0	78	125	1402	1417	4.76e-09	31.2
"Sample:N1,Pos:40173"	"WP_113886670.1"	79.167	24	5	0	2	73	1376	1399	1.24e-08	38.5
"Sample:N1,Pos:40173"	"WP_113886670.1"	87.5	16	2	0	78	125	1414	1429	1.24e-08	31.2
"Sample:N1,Pos:40173"	"WP_113886670.1"	95	20	1	0	14	73	1326	1345	1.58e-08	38.1
"Sample:N1,Pos:40173"	"WP_113886670.1"	87.5	16	2	0	78	125	1342	1357	1.58e-08	31.2
"Sample:N1,Pos:40173"	"WP_113886670.1"	87.5	24	3	0	2	73	1436	1459	1.98e-08	41.6
"Sample:N1,Pos:40173"	"WP_113886670.1"	85.714	14	2	0	78	119	1456	1469	1.98e-08	27.3
"Sample:N1,Pos:40173"	"WP_113886670.1"	79.167	24	5	0	2	73	1346	1369	4.36e-08	38.5
"Sample:N1,Pos:40173"	"WP_113886670.1"	81.25	16	3	0	78	125	1378	1393	4.36e-08	28.9
"Sample:N1,Pos:40173"	"WP_113886670.1"	87.5	24	3	0	2	73	1442	1465	2.45e-07	41.6
"Sample:N1,Pos:40173"	"WP_113886670.1"	83.333	24	4	0	2	73	1418	1441	8.27e-07	40
"Sample:N1,Pos:40173"	"WP_113886670.1"	83.333	24	4	0	2	73	1430	1453	8.27e-07	40
"Sample:N1,Pos:40173"	"WP_113886670.1"	79.167	24	5	0	2	73	1382	1405	3.41e-06	38.5
"Sample:N1,Pos:40173"	"WP_113886670.1"	86.364	22	3	0	2	67	1448	1469	4.15e-06	38.1
"Sample:N1,Pos:40173"	"WP_113886670.1"	93.75	16	1	0	78	125	1336	1351	4.69e-06	32.7
"Sample:N1,Pos:40173"	"WP_113886670.1"	66.667	21	7	0	11	73	1319	1339	4.69e-06	27.7
"Sample:N1,Pos:40173"	"WP_113886670.1"	87.5	16	2	0	78	125	1330	1345	0.001	31.2
"Sample:N1,Pos:40173"	"WP_113886670.1"	87.5	16	2	0	78	125	1360	1375	0.001	31.2
"Sample:N1,Pos:40173"	"WP_113886670.1"	81.25	16	3	0	78	125	1384	1399	0.007	28.9
"Sample:N1,Pos:40173"	"WP_113886670.1"	86.667	15	2	0	81	125	1325	1339	0.007	28.9
"Sample:N1,Pos:40173"	"WP_113886670.1"	81.25	16	3	0	78	125	1372	1387	0.009	28.9
"Sample:N1,Pos:40173"	"WP_113886670.1"	36.111	36	23	0	2	109	1460	1495	3.2	21.6
"Sample:N1,Pos:40173"	"WP_004898281.1"	40	20	12	0	79	138	25	44	1.5	22.3
"Sample:N1,Pos:40173"	"WP_086874714.1"	21.053	38	30	0	194	81	288	325	3.9	21.2
"Sample:N1,Pos:40173"	"WP_003647012.1"	63.636	11	4	0	58	26	7	17	6.2	20.8
"Sample:N1,Pos:40173"	"WP_023599365.1"	55.556	9	4	0	87	113	217	225	6.8	20.8
"Sample:N1,Pos:40173"	"WP_113886592.1"	80	10	2	0	73	44	91	100	6.8	20.8
"Sample:N1,Pos:40173"	"WP_086875124.1"	38.889	18	11	0	135	188	138	155	6.8	20.8
"Sample:N1,Pos:40173"	"WP_113886625.1"	34.211	38	21	1	17	130	518	551	7.1	20.8
"Sample:N1,Pos:40173"	"WP_011161820.1"	26.316	19	14	0	123	179	312	330	7.2	20.4
"Sample:N1,Pos:40173"	"WP_014567312.1"	70	10	3	0	200	171	150	159	7.9	20.4
"Sample:N1,Pos:40176"	"WP_086874545.1"	96.154	26	1	0	123	200	18	43	4.27e-13	57.8
"Sample:N1,Pos:40176"	"WP_113886670.1"	95.652	23	1	0	2	70	1395	1417	3.23e-10	42.4
"Sample:N1,Pos:40176"	"WP_113886670.1"	95.652	23	1	0	2	70	1425	1447	3.23e-10	42.4
"Sample:N1,Pos:40176"	"WP_113886670.1"	93.75	16	1	0	75	122	1420	1435	3.23e-10	32.7
"Sample:N1,Pos:40176"	"WP_113886670.1"	93.75	16	1	0	75	122	1450	1465	3.23e-10	32.7
"Sample:N1,Pos:40176"	"WP_113886670.1"	91.304	23	2	0	2	70	1335	1357	7.79e-10	40.8
"Sample:N1,Pos:40176"	"WP_113886670.1"	91.304	23	2	0	2	70	1341	1363	7.79e-10	40.8
"Sample:N1,Pos:40176"	"WP_113886670.1"	91.304	23	2	0	2	70	1353	1375	7.79e-10	40.8
"Sample:N1,Pos:40176"	"WP_113886670.1"	91.304	23	2	0	2	70	1407	1429	7.79e-10	40.8
"Sample:N1,Pos:40176"	"WP_113886670.1"	93.75	16	1	0	75	122	1354	1369	7.79e-10	32.7
"Sample:N1,Pos:40176"	"WP_113886670.1"	93.75	16	1	0	75	122	1366	1381	7.79e-10	32.7
"Sample:N1,Pos:40176"	"WP_113886670.1"	93.75	16	1	0	75	122	1390	1405	7.79e-10	32.7
"Sample:N1,Pos:40176"	"WP_113886670.1"	93.75	16	1	0	75	122	1438	1453	7.79e-10	32.7
"Sample:N1,Pos:40176"	"WP_113886670.1"	86.957	23	3	0	2	70	1359	1381	2.3e-09	39.3
"Sample:N1,Pos:40176"	"WP_113886670.1"	93.75	16	1	0	75	122	1408	1423	2.3e-09	32.7
"Sample:N1,Pos:40176"	"WP_113886670.1"	86.957	23	3	0	2	70	1389	1411	2.84e-09	39.3
"Sample:N1,Pos:40176"	"WP_113886670.1"	93.75	16	1	0	75	122	1426	1441	2.84e-09	32.3
"Sample:N1,Pos:40176"	"WP_113886670.1"	86.957	23	3	0	2	70	1365	1387	3.15e-09	39.3
"Sample:N1,Pos:40176"	"WP_113886670.1"	93.75	16	1	0	75	122	1396	1411	3.15e-09	32.3
"Sample:N1,Pos:40176"	"WP_113886670.1"	86.957	23	3	0	2	70	1329	1351	5.32e-09	39.3
"Sample:N1,Pos:40176"	"WP_113886670.1"	87.5	16	2	0	75	122	1348	1363	5.32e-09	31.6
"Sample:N1,Pos:40176"	"WP_113886670.1"	86.957	23	3	0	2	70	1401	1423	6.57e-09	39.3
"Sample:N1,Pos:40176"	"WP_113886670.1"	86.957	23	3	0	2	70	1413	1435	6.57e-09	39.3
"Sample:N1,Pos:40176"	"WP_113886670.1"	87.5	16	2	0	75	122	1432	1447	6.57e-09	31.2
"Sample:N1,Pos:40176"	"WP_113886670.1"	87.5	16	2	0	75	122	1444	1459	6.57e-09	31.2
"Sample:N1,Pos:40176"	"WP_113886670.1"	86.957	23	3	0	2	70	1371	1393	7.29e-09	39.3
"Sample:N1,Pos:40176"	"WP_113886670.1"	87.5	16	2	0	75	122	1402	1417	7.29e-09	31.2
"Sample:N1,Pos:40176"	"WP_113886670.1"	82.609	23	4	0	2	70	1377	1399	1.75e-08	37.7
"Sample:N1,Pos:40176"	"WP_113886670.1"	87.5	16	2	0	75	122	1414	1429	1.75e-08	31.2
"Sample:N1,Pos:40176"	"WP_113886670.1"	95	20	1	0	11	70	1326	1345	1.81e-08	37.7
"Sample:N1,Pos:40176"	"WP_113886670.1"	87.5	16	2	0	75	122	1342	1357	1.81e-08	31.2
"Sample:N1,Pos:40176"	"WP_113886670.1"	91.304	23	2	0	2	70	1437	1459	3.13e-08	40.8
"Sample:N1,Pos:40176"	"WP_113886670.1"	85.714	14	2	0	75	116	1456	1469	3.13e-08	27.3
"Sample:N1,Pos:40176"	"WP_113886670.1"	82.609	23	4	0	2	70	1347	1369	6.94e-08	38.1
"Sample:N1,Pos:40176"	"WP_113886670.1"	81.25	16	3	0	75	122	1378	1393	6.94e-08	28.9
"Sample:N1,Pos:40176"	"WP_113886670.1"	86.957	23	3	0	2	70	1419	1441	1.48e-06	39.3
"Sample:N1,Pos:40176"	"WP_113886670.1"	86.957	23	3	0	2	70	1431	1453	1.48e-06	39.3
"Sample:N1,Pos:40176"	"WP_113886670.1"	86.957	23	3	0	2	70	1443	1465	1.48e-06	39.3
"Sample:N1,Pos:40176"	"WP_113886670.1"	93.75	16	1	0	75	122	1336	1351	5.87e-06	32.7
"Sample:N1,Pos:40176"	"WP_113886670.1"	66.667	21	7	0	8	70	1319	1339	5.87e-06	27.7
"Sample:N1,Pos:40176"	"WP_113886670.1"	90.476	21	2	0	2	64	1449	1469	6.53e-06	37.4
"Sample:N1,Pos:40176"	"WP_113886670.1"	78.261	23	5	0	2	70	1383	1405	1.84e-05	36.2
"Sample:N1,Pos:40176"	"WP_113886670.1"	87.5	16	2	0	75	122	1330	1345	0.001	31.2
"Sample:N1,Pos:40176"	"WP_113886670.1"	87.5	16	2	0	75	122	1360	1375	0.001	31.2
"Sample:N1,Pos:40176"	"WP_113886670.1"	86.667	15	2	0	78	122	1325	1339	0.008	28.9
"Sample:N1,Pos:40176"	"WP_113886670.1"	81.25	16	3	0	75	122	1384	1399	0.008	28.9
"Sample:N1,Pos:40176"	"WP_113886670.1"	81.25	16	3	0	75	122	1372	1387	0.01	28.5
"Sample:N1,Pos:40176"	"WP_113886670.1"	37.143	35	22	0	2	106	1461	1495	3.8	21.6
"Sample:N1,Pos:40176"	"WP_014567312.1"	72.727	11	3	0	200	168	149	159	0.96	23.1
"Sample:N1,Pos:40176"	"WP_004898281.1"	40	20	12	0	76	135	25	44	1.4	22.7
"Sample:N1,Pos:40176"	"WP_004895097.1"	32.353	34	22	1	102	200	57	90	2.7	21.6
"Sample:N1,Pos:40176"	"WP_086874714.1"	21.053	38	30	0	191	78	288	325	4.9	21.2
"Sample:N1,Pos:40176"	"WP_003647012.1"	63.636	11	4	0	55	23	7	17	6.2	20.8
"Sample:N1,Pos:40176"	"WP_023599365.1"	55.556	9	4	0	84	110	217	225	6.8	20.8
"Sample:N1,Pos:40176"	"WP_113886592.1"	80	10	2	0	70	41	91	100	6.9	20.4
"Sample:N1,Pos:40176"	"WP_113886625.1"	34.211	38	21	1	14	127	518	551	6.9	20.8
"Sample:N1,Pos:40176"	"WP_086875124.1"	38.889	18	11	0	132	185	138	155	7.1	20.8
"Sample:N1,Pos:40176"	"WP_011161820.1"	26.316	19	14	0	120	176	312	330	7.2	20.4
"Sample:N1,Pos:40231"	"WP_086874545.1"	97.727	44	1	0	68	199	18	61	1.39e-27	96.7
"Sample:N1,Pos:40231"	"WP_113886670.1"	94.118	17	1	0	17	67	1335	1351	2.47e-05	35.8
"Sample:N1,Pos:40231"	"WP_113886670.1"	94.118	17	1	0	17	67	1353	1369	2.47e-05	35.8
"Sample:N1,Pos:40231"	"WP_113886670.1"	94.118	17	1	0	17	67	1365	1381	2.47e-05	35.8
"Sample:N1,Pos:40231"	"WP_113886670.1"	94.118	17	1	0	17	67	1389	1405	2.47e-05	35.8
"Sample:N1,Pos:40231"	"WP_113886670.1"	94.118	17	1	0	17	67	1407	1423	2.47e-05	35.8
"Sample:N1,Pos:40231"	"WP_113886670.1"	94.118	17	1	0	17	67	1419	1435	2.47e-05	35.8
"Sample:N1,Pos:40231"	"WP_113886670.1"	94.118	17	1	0	17	67	1437	1453	2.47e-05	35.8
"Sample:N1,Pos:40231"	"WP_113886670.1"	94.118	17	1	0	17	67	1449	1465	2.47e-05	35.8
"Sample:N1,Pos:40231"	"WP_113886670.1"	94.118	17	1	0	17	67	1395	1411	3.03e-05	35.8
"Sample:N1,Pos:40231"	"WP_113886670.1"	94.118	17	1	0	17	67	1425	1441	3.03e-05	35.8
"Sample:N1,Pos:40231"	"WP_113886670.1"	88.235	17	2	0	17	67	1347	1363	7.01e-05	34.7
"Sample:N1,Pos:40231"	"WP_113886670.1"	88.235	17	2	0	17	67	1329	1345	8.63e-05	34.3
"Sample:N1,Pos:40231"	"WP_113886670.1"	88.235	17	2	0	17	67	1341	1357	8.63e-05	34.3
"Sample:N1,Pos:40231"	"WP_113886670.1"	88.235	17	2	0	17	67	1359	1375	8.63e-05	34.3
"Sample:N1,Pos:40231"	"WP_113886670.1"	88.235	17	2	0	17	67	1401	1417	8.63e-05	34.3
"Sample:N1,Pos:40231"	"WP_113886670.1"	88.235	17	2	0	17	67	1413	1429	8.63e-05	34.3
"Sample:N1,Pos:40231"	"WP_113886670.1"	88.235	17	2	0	17	67	1431	1447	8.63e-05	34.3
"Sample:N1,Pos:40231"	"WP_113886670.1"	88.235	17	2	0	17	67	1443	1459	8.63e-05	34.3
"Sample:N1,Pos:40231"	"WP_113886670.1"	82.353	17	3	0	17	67	1377	1393	0.000603	32
"Sample:N1,Pos:40231"	"WP_113886670.1"	82.353	17	3	0	17	67	1383	1399	0.000603	32
"Sample:N1,Pos:40231"	"WP_113886670.1"	82.353	17	3	0	17	67	1371	1387	0.000742	31.6
"Sample:N1,Pos:40231"	"WP_113886670.1"	38	50	29	2	17	160	1455	1504	0.001	31.2
"Sample:N1,Pos:40231"	"WP_113886670.1"	86.667	15	2	0	23	67	1325	1339	0.003	30
"Sample:N1,Pos:40231"	"WP_113886670.1"	61.538	13	5	0	29	67	1321	1333	8.9	20.4
"Sample:N1,Pos:40231"	"WP_086874714.1"	22.449	49	37	1	166	23	277	325	0.78	23.1
"Sample:N1,Pos:40231"	"WP_004895097.1"	31.429	35	23	1	47	148	57	91	0.92	23.1
"Sample:N1,Pos:40231"	"WP_014567312.1"	72.727	11	3	0	145	113	149	159	0.96	23.1
"Sample:N1,Pos:40231"	"WP_053107436.1"	66.667	12	4	0	149	184	41	52	1.2	22.7
"Sample:N1,Pos:40231"	"WP_011161262.1"	37.931	29	18	0	113	199	231	259	1.7	22.3
"Sample:N1,Pos:40231"	"WP_004898281.1"	40	20	12	0	21	80	25	44	2.1	21.9
"Sample:N1,Pos:40231"	"WP_011161382.1"	42.308	26	14	1	168	94	30	55	4.1	21.2
"Sample:N1,Pos:40231"	"WP_023599365.1"	55.556	9	4	0	29	55	217	225	6.8	20.8
"Sample:N1,Pos:40231"	"WP_086875124.1"	34.483	29	17	1	77	157	138	166	7.8	20.4
"Sample:N1,Pos:40231"	"WP_004897131.1"	31.707	41	27	1	23	142	210	250	10	20.4
"Sample:N2,Pos:43030"	"WP_086874555.1"	98.507	67	1	0	1	201	91	157	9.21e-44	137
"Sample:N2,Pos:43030"	"WP_004897733.1"	36.842	38	21	1	7	111	320	357	1.1	23.1
"Sample:N2,Pos:43030"	"WP_004898444.1"	40	25	15	0	82	156	5	29	1.1	22.7
"Sample:N2,Pos:43030"	"WP_004897131.1"	66.667	12	4	0	85	120	839	850	1.2	22.7
"Sample:N2,Pos:43030"	"WP_086874770.1"	23.529	68	43	2	16	201	221	285	5.6	20.8
"Sample:N2,Pos:43030"	"WP_086874644.1"	32	25	17	0	112	186	57	81	7.8	20.4
"Sample:N2,Pos:46786"	"WP_086875146.1"	94	50	3	0	1	150	88	137	4.7e-28	94.4
"Sample:N2,Pos:46786"	"WP_086875168.1"	94.444	18	1	0	146	199	17	34	2.35e-05	35.8
"Sample:N2,Pos:46786"	"WP_011162531.1"	60	10	4	0	148	119	89	98	3	21.6
"Sample:N2,Pos:46786"	"WP_113886678.1"	42.105	19	10	1	34	87	43	61	5.4	20.8
"Sample:N2,Pos:46786"	"WP_011161787.1"	29.412	34	24	0	31	132	134	167	10	20
"Sample:N2,Pos:46798"	"WP_086875146.1"	93.478	46	3	0	1	138	92	137	1.66e-24	85.5
"Sample:N2,Pos:46798"	"WP_086875168.1"	95.455	22	1	0	134	199	17	38	2.51e-08	44.3
"Sample:N2,Pos:46798"	"WP_011162531.1"	60	10	4	0	136	107	89	98	2	21.9
"Sample:N2,Pos:46798"	"WP_113886678.1"	42.105	19	10	1	22	75	43	61	4.7	21.2
"Sample:N2,Pos:46798"	"WP_004897587.1"	54.545	22	9	1	25	90	218	238	6	20.8
"Sample:N2,Pos:46817"	"WP_086875146.1"	92.308	39	3	0	3	119	99	137	3.13e-19	72
"Sample:N2,Pos:46817"	"WP_086875168.1"	96.429	28	1	0	115	198	17	44	1.27e-13	59.3
"Sample:N2,Pos:46817"	"WP_086875157.1"	33.333	27	18	0	118	198	17	43	0.049	26.6
"Sample:N2,Pos:46817"	"WP_011162531.1"	60	10	4	0	117	88	89	98	1.9	21.9
"Sample:N2,Pos:46817"	"WP_086875216.1"	38.462	26	16	0	121	198	19	44	2	21.9
"Sample:N2,Pos:46817"	"WP_004897587.1"	54.545	22	9	1	6	71	218	238	5.6	20.8
"Sample:N2,Pos:46817"	"WP_113886678.1"	25.641	39	27	2	3	113	43	81	5.6	20.8
"Sample:N2,Pos:55246"	"WP_086874799.1"	79.032	62	3	1	3	158	108	169	3.83e-26	91.3
"Sample:N2,Pos:55246"	"WP_014567587.1"	38.095	63	28	2	3	158	107	169	0.001	31.2
"Sample:N2,Pos:55246"	"WP_004897682.1"	92.857	14	1	0	159	200	18	31	0.001	30.4
"Sample:N2,Pos:55246"	"WP_023599205.1"	40.625	32	14	1	57	152	131	157	0.37	24.3
"Sample:N2,Pos:55246"	"WP_003647521.1"	45	20	11	0	179	120	23	42	0.95	22.7
"Sample:N2,Pos:55246"	"WP_113886661.1"	43.333	30	17	0	69	158	172	201	1.6	22.3
"Sample:N2,Pos:55246"	"WP_086874846.1"	32.143	28	19	0	169	86	455	482	2.2	21.9
"Sample:N2,Pos:55246"	"WP_043921384.1"	53.333	15	7	0	105	149	3	17	2.6	21.9
"Sample:N2,Pos:55246"	"WP_086874925.1"	37.143	35	22	0	33	137	23	57	5.4	20.8
"Sample:N2,Pos:55246"	"WP_113886662.1"	47.059	17	9	0	53	103	841	857	5.5	20.8
"Sample:N2,Pos:55246"	"WP_004898619.1"	50	14	7	0	130	89	622	635	8.3	20.4
"Sample:N1,Pos:58512"	"WP_041818562.1"	87.5	40	5	0	81	200	352	391	4.26e-26	75.1
"Sample:N1,Pos:58512"	"WP_041818562.1"	75.862	29	7	0	5	91	326	354	4.26e-26	53.9
"Sample:N1,Pos:58512"	"WP_014567112.1"	82.051	39	7	0	84	200	352	390	4.91e-22	68.6
"Sample:N1,Pos:58512"	"WP_014567112.1"	70.37	27	8	0	5	85	325	351	4.91e-22	46.6
"Sample:N1,Pos:58512"	"WP_113886598.1"	75.439	57	14	0	30	200	331	387	1.43e-20	79
"Sample:N1,Pos:58512"	"WP_113886598.1"	74.286	35	9	0	5	109	322	356	2.34e-14	61.2
"Sample:N1,Pos:58512"	"WP_011161916.1"	56.25	16	7	0	20	67	314	329	0.025	27.3
"Sample:N1,Pos:58512"	"WP_086874524.1"	45	20	11	0	14	73	331	350	0.19	25
"Sample:N1,Pos:58512"	"WP_086874627.1"	36.667	30	17	1	149	60	130	157	0.62	23.5
"Sample:N1,Pos:58512"	"WP_113886624.1"	60	10	4	0	26	55	149	158	3.1	21.6
"Sample:N1,Pos:58512"	"WP_023599493.1"	40	20	12	0	23	82	351	370	5.1	21.2
"Sample:N1,Pos:58512"	"WP_004895753.1"	61.538	13	5	0	111	149	81	93	5.4	20.8
"Sample:N1,Pos:58512"	"WP_004898102.1"	58.333	12	5	0	38	73	392	403	8.5	20.4
