# BLASTX 2.4.0+
# Query: Sample:REF,Pos:40164 <unknown description>
# Database: User specified sequence set (Input: lactobacillus_johnsonii_protein.faa)
# Fields: query id, subject id, % identity, alignment length, mismatches, gap opens, q. start, q. end, s. start, s. end, evalue, bit score
# 53 hits found
Sample:REF,Pos:40164	WP_113886670.1	100.000	27	0	0	2	82	1391	1417	1.26e-13	51.6
Sample:REF,Pos:40164	WP_113886670.1	100.000	27	0	0	2	82	1421	1447	1.26e-13	51.6
Sample:REF,Pos:40164	WP_113886670.1	100.000	16	0	0	87	134	1420	1435	1.26e-13	35.0
Sample:REF,Pos:40164	WP_113886670.1	100.000	16	0	0	87	134	1450	1465	1.26e-13	35.0
Sample:REF,Pos:40164	WP_113886670.1	96.296	27	1	0	2	82	1337	1363	3.43e-13	50.1
Sample:REF,Pos:40164	WP_113886670.1	96.296	27	1	0	2	82	1349	1375	3.43e-13	50.1
Sample:REF,Pos:40164	WP_113886670.1	100.000	16	0	0	87	134	1366	1381	3.43e-13	35.0
Sample:REF,Pos:40164	WP_113886670.1	100.000	16	0	0	87	134	1390	1405	3.43e-13	35.0
Sample:REF,Pos:40164	WP_113886670.1	92.593	27	2	0	2	82	1331	1357	9.63e-13	48.5
Sample:REF,Pos:40164	WP_113886670.1	92.593	27	2	0	2	82	1355	1381	9.63e-13	48.5
Sample:REF,Pos:40164	WP_113886670.1	92.593	27	2	0	2	82	1403	1429	9.63e-13	48.5
Sample:REF,Pos:40164	WP_113886670.1	100.000	16	0	0	87	134	1354	1369	9.63e-13	35.0
Sample:REF,Pos:40164	WP_113886670.1	100.000	16	0	0	87	134	1408	1423	9.63e-13	35.0
Sample:REF,Pos:40164	WP_113886670.1	100.000	16	0	0	87	134	1438	1453	9.63e-13	35.0
Sample:REF,Pos:40164	WP_113886670.1	92.593	27	2	0	2	82	1367	1393	2.79e-12	48.5
Sample:REF,Pos:40164	WP_113886670.1	93.750	16	1	0	87	134	1396	1411	2.79e-12	33.5
Sample:REF,Pos:40164	WP_113886670.1	92.593	27	2	0	2	82	1409	1435	6.34e-12	48.5
Sample:REF,Pos:40164	WP_113886670.1	87.500	16	2	0	87	134	1432	1447	6.34e-12	32.0
Sample:REF,Pos:40164	WP_113886670.1	88.889	27	3	0	2	82	1397	1423	6.87e-12	47.4
Sample:REF,Pos:40164	WP_113886670.1	93.750	16	1	0	87	134	1426	1441	6.87e-12	33.5
Sample:REF,Pos:40164	WP_113886670.1	88.889	27	3	0	2	82	1415	1441	1.78e-11	47.4
Sample:REF,Pos:40164	WP_113886670.1	87.500	16	2	0	87	134	1444	1459	1.78e-11	32.0
Sample:REF,Pos:40164	WP_113886670.1	88.889	27	3	0	2	82	1361	1387	2.02e-11	47.0
Sample:REF,Pos:40164	WP_113886670.1	88.889	27	3	0	2	82	1385	1411	2.02e-11	47.0
Sample:REF,Pos:40164	WP_113886670.1	87.500	16	2	0	87	134	1402	1417	2.02e-11	32.0
Sample:REF,Pos:40164	WP_113886670.1	87.500	16	2	0	87	134	1414	1429	2.02e-11	32.0
Sample:REF,Pos:40164	WP_113886670.1	85.185	27	4	0	2	82	1325	1351	2.71e-11	45.1
Sample:REF,Pos:40164	WP_113886670.1	93.750	16	1	0	87	134	1348	1363	2.71e-11	33.5
Sample:REF,Pos:40164	WP_113886670.1	92.593	27	2	0	2	82	1433	1459	9.28e-11	48.5
Sample:REF,Pos:40164	WP_113886670.1	85.714	14	2	0	87	128	1456	1469	9.28e-11	28.1
Sample:REF,Pos:40164	WP_113886670.1	85.185	27	4	0	2	82	1343	1369	1.12e-10	45.8
Sample:REF,Pos:40164	WP_113886670.1	87.500	16	2	0	87	134	1378	1393	1.12e-10	30.8
Sample:REF,Pos:40164	WP_113886670.1	92.593	27	2	0	2	82	1439	1465	7.20e-10	48.5
Sample:REF,Pos:40164	WP_113886670.1	88.889	27	3	0	2	82	1427	1453	2.50e-09	47.4
Sample:REF,Pos:40164	WP_113886670.1	80.000	25	5	0	8	82	1321	1345	7.35e-09	38.1
Sample:REF,Pos:40164	WP_113886670.1	87.500	16	2	0	87	134	1342	1357	7.35e-09	32.0
Sample:REF,Pos:40164	WP_113886670.1	85.185	27	4	0	2	82	1373	1399	9.77e-09	45.4
Sample:REF,Pos:40164	WP_113886670.1	85.185	27	4	0	2	82	1379	1405	9.77e-09	45.4
Sample:REF,Pos:40164	WP_113886670.1	92.000	25	2	0	2	76	1445	1469	1.17e-08	45.4
Sample:REF,Pos:40164	WP_113886670.1	100.000	16	0	0	87	134	1336	1351	5.59e-05	35.0
Sample:REF,Pos:40164	WP_113886670.1	87.500	16	2	0	87	134	1330	1345	5.52e-04	32.0
Sample:REF,Pos:40164	WP_113886670.1	87.500	16	2	0	87	134	1360	1375	5.52e-04	32.0
Sample:REF,Pos:40164	WP_113886670.1	87.500	16	2	0	87	134	1384	1399	0.002	30.8
Sample:REF,Pos:40164	WP_113886670.1	86.667	15	2	0	90	134	1325	1339	0.003	30.0
Sample:REF,Pos:40164	WP_113886670.1	81.250	16	3	0	87	134	1372	1387	0.005	29.6
Sample:REF,Pos:40164	WP_113886670.1	37.500	40	25	0	2	121	1457	1496	0.29	24.6
Sample:REF,Pos:40164	WP_086874545.1	100.000	22	0	0	135	200	18	39	3.85e-11	52.0
Sample:REF,Pos:40164	WP_012845920.1	66.667	15	3	1	128	84	200	212	1.9	22.3
Sample:REF,Pos:40164	WP_014567855.1	34.783	23	15	0	161	93	37	59	4.4	21.2
Sample:REF,Pos:40164	WP_004897026.1	33.333	24	16	0	26	97	327	350	7.9	20.4
Sample:REF,Pos:40164	WP_113886592.1	80.000	10	2	0	82	53	91	100	8.5	20.4
Sample:REF,Pos:40164	WP_003647012.1	63.636	11	4	0	67	35	7	17	8.7	20.4
Sample:REF,Pos:40164	WP_086875095.1	43.333	30	11	2	164	75	223	246	9.5	20.0
# BLAST processed 1 queries
