# BLASTX 2.4.0+
# Query: Sample:REF,Pos:40176 <unknown description>
# Database: User specified sequence set (Input: lactobacillus_johnsonii_protein.faa)
# Fields: query id, subject id, % identity, alignment length, mismatches, gap opens, q. start, q. end, s. start, s. end, evalue, bit score
# 56 hits found
Sample:REF,Pos:40176	WP_086874545.1	100.000	26	0	0	123	200	18	43	4.44e-14	60.5
Sample:REF,Pos:40176	WP_113886670.1	100.000	23	0	0	2	70	1395	1417	1.73e-11	44.7
Sample:REF,Pos:40176	WP_113886670.1	100.000	23	0	0	2	70	1425	1447	1.73e-11	44.7
Sample:REF,Pos:40176	WP_113886670.1	100.000	16	0	0	75	122	1420	1435	1.73e-11	34.7
Sample:REF,Pos:40176	WP_113886670.1	100.000	16	0	0	75	122	1450	1465	1.73e-11	34.7
Sample:REF,Pos:40176	WP_113886670.1	95.652	23	1	0	2	70	1335	1357	4.26e-11	43.5
Sample:REF,Pos:40176	WP_113886670.1	95.652	23	1	0	2	70	1341	1363	4.26e-11	43.5
Sample:REF,Pos:40176	WP_113886670.1	95.652	23	1	0	2	70	1353	1375	4.26e-11	43.5
Sample:REF,Pos:40176	WP_113886670.1	95.652	23	1	0	2	70	1407	1429	4.26e-11	43.5
Sample:REF,Pos:40176	WP_113886670.1	100.000	16	0	0	75	122	1354	1369	4.26e-11	34.7
Sample:REF,Pos:40176	WP_113886670.1	100.000	16	0	0	75	122	1366	1381	4.26e-11	34.7
Sample:REF,Pos:40176	WP_113886670.1	100.000	16	0	0	75	122	1390	1405	4.26e-11	34.7
Sample:REF,Pos:40176	WP_113886670.1	100.000	16	0	0	75	122	1438	1453	4.26e-11	34.7
Sample:REF,Pos:40176	WP_113886670.1	91.304	23	2	0	2	70	1359	1381	1.28e-10	42.0
Sample:REF,Pos:40176	WP_113886670.1	100.000	16	0	0	75	122	1408	1423	1.28e-10	34.7
Sample:REF,Pos:40176	WP_113886670.1	91.304	23	2	0	2	70	1329	1351	3.18e-10	42.0
Sample:REF,Pos:40176	WP_113886670.1	93.750	16	1	0	75	122	1348	1363	3.18e-10	33.1
Sample:REF,Pos:40176	WP_113886670.1	91.304	23	2	0	2	70	1389	1411	3.44e-10	42.0
Sample:REF,Pos:40176	WP_113886670.1	93.750	16	1	0	75	122	1426	1441	3.44e-10	33.1
Sample:REF,Pos:40176	WP_113886670.1	91.304	23	2	0	2	70	1365	1387	3.79e-10	41.6
Sample:REF,Pos:40176	WP_113886670.1	93.750	16	1	0	75	122	1396	1411	3.79e-10	33.1
Sample:REF,Pos:40176	WP_113886670.1	91.304	23	2	0	2	70	1401	1423	8.52e-10	42.0
Sample:REF,Pos:40176	WP_113886670.1	91.304	23	2	0	2	70	1413	1435	8.52e-10	42.0
Sample:REF,Pos:40176	WP_113886670.1	87.500	16	2	0	75	122	1432	1447	8.52e-10	31.6
Sample:REF,Pos:40176	WP_113886670.1	87.500	16	2	0	75	122	1444	1459	8.52e-10	31.6
Sample:REF,Pos:40176	WP_113886670.1	91.304	23	2	0	2	70	1371	1393	9.38e-10	41.6
Sample:REF,Pos:40176	WP_113886670.1	87.500	16	2	0	75	122	1402	1417	9.38e-10	31.6
Sample:REF,Pos:40176	WP_113886670.1	86.957	23	3	0	2	70	1377	1399	2.30e-09	40.4
Sample:REF,Pos:40176	WP_113886670.1	87.500	16	2	0	75	122	1414	1429	2.30e-09	31.6
Sample:REF,Pos:40176	WP_113886670.1	95.652	23	1	0	2	70	1437	1459	4.05e-09	43.5
Sample:REF,Pos:40176	WP_113886670.1	85.714	14	2	0	75	116	1456	1469	4.05e-09	27.7
Sample:REF,Pos:40176	WP_113886670.1	86.957	23	3	0	2	70	1347	1369	4.28e-09	40.4
Sample:REF,Pos:40176	WP_113886670.1	87.500	16	2	0	75	122	1378	1393	4.28e-09	30.8
Sample:REF,Pos:40176	WP_113886670.1	90.476	21	2	0	8	70	1325	1345	1.24e-08	37.7
Sample:REF,Pos:40176	WP_113886670.1	87.500	16	2	0	75	122	1342	1357	1.24e-08	31.6
Sample:REF,Pos:40176	WP_113886670.1	91.304	23	2	0	2	70	1419	1441	2.01e-07	42.0
Sample:REF,Pos:40176	WP_113886670.1	91.304	23	2	0	2	70	1431	1453	2.01e-07	42.0
Sample:REF,Pos:40176	WP_113886670.1	91.304	23	2	0	2	70	1443	1465	2.01e-07	42.0
Sample:REF,Pos:40176	WP_113886670.1	95.238	21	1	0	2	64	1449	1469	8.86e-07	40.0
Sample:REF,Pos:40176	WP_113886670.1	82.609	23	4	0	2	70	1383	1405	2.56e-06	38.5
Sample:REF,Pos:40176	WP_113886670.1	100.000	16	0	0	75	122	1336	1351	4.66e-06	34.7
Sample:REF,Pos:40176	WP_113886670.1	68.421	19	6	0	14	70	1321	1339	4.66e-06	26.2
Sample:REF,Pos:40176	WP_113886670.1	87.500	16	2	0	75	122	1330	1345	7.49e-04	31.6
Sample:REF,Pos:40176	WP_113886670.1	87.500	16	2	0	75	122	1360	1375	7.49e-04	31.6
Sample:REF,Pos:40176	WP_113886670.1	87.500	16	2	0	75	122	1384	1399	0.002	30.8
Sample:REF,Pos:40176	WP_113886670.1	86.667	15	2	0	78	122	1325	1339	0.004	29.6
Sample:REF,Pos:40176	WP_113886670.1	81.250	16	3	0	75	122	1372	1387	0.006	29.3
Sample:REF,Pos:40176	WP_014567312.1	72.727	11	3	0	200	168	149	159	0.96	23.1
Sample:REF,Pos:40176	WP_012845920.1	66.667	15	3	1	116	72	200	212	1.9	22.3
Sample:REF,Pos:40176	WP_004895097.1	32.353	34	22	1	102	200	57	90	2.0	21.9
Sample:REF,Pos:40176	WP_011161820.1	26.316	19	14	0	120	176	312	330	3.9	21.2
Sample:REF,Pos:40176	WP_014567855.1	34.783	23	15	0	149	81	37	59	4.4	21.2
Sample:REF,Pos:40176	WP_004897026.1	33.333	24	16	0	14	85	327	350	7.7	20.4
Sample:REF,Pos:40176	WP_113886592.1	80.000	10	2	0	70	41	91	100	8.9	20.4
Sample:REF,Pos:40176	WP_003647012.1	63.636	11	4	0	55	23	7	17	9.1	20.4
Sample:REF,Pos:40176	WP_086875095.1	43.333	30	11	2	152	63	223	246	9.5	20.0
# BLAST processed 1 queries
