# BLASTX 2.4.0+
# Query: Sample:REF,Pos:40137 <unknown description>
# Database: User specified sequence set (Input: lactobacillus_johnsonii_protein.faa)
# Fields: query id, subject id, % identity, alignment length, mismatches, gap opens, q. start, q. end, s. start, s. end, evalue, bit score
# 50 hits found
Sample:REF,Pos:40137	WP_113886670.1	100.000	36	0	0	2	109	1382	1417	4.03e-18	67.4
Sample:REF,Pos:40137	WP_113886670.1	100.000	16	0	0	114	161	1420	1435	4.03e-18	34.3
Sample:REF,Pos:40137	WP_113886670.1	94.444	36	2	0	2	109	1412	1447	1.96e-16	61.6
Sample:REF,Pos:40137	WP_113886670.1	100.000	16	0	0	114	161	1450	1465	1.96e-16	34.3
Sample:REF,Pos:40137	WP_113886670.1	91.667	36	3	0	2	109	1340	1375	6.25e-16	60.1
Sample:REF,Pos:40137	WP_113886670.1	100.000	16	0	0	114	161	1390	1405	6.25e-16	34.3
Sample:REF,Pos:40137	WP_113886670.1	88.889	36	4	0	2	109	1346	1381	1.60e-15	58.5
Sample:REF,Pos:40137	WP_113886670.1	88.889	36	4	0	2	109	1388	1423	1.60e-15	58.5
Sample:REF,Pos:40137	WP_113886670.1	100.000	16	0	0	114	161	1408	1423	1.60e-15	34.3
Sample:REF,Pos:40137	WP_113886670.1	100.000	16	0	0	114	161	1438	1453	1.60e-15	34.3
Sample:REF,Pos:40137	WP_113886670.1	88.889	36	4	0	2	109	1328	1363	2.32e-15	58.2
Sample:REF,Pos:40137	WP_113886670.1	100.000	16	0	0	114	161	1366	1381	2.32e-15	34.3
Sample:REF,Pos:40137	WP_113886670.1	88.889	36	4	0	2	109	1394	1429	3.92e-15	58.5
Sample:REF,Pos:40137	WP_113886670.1	93.750	16	1	0	114	161	1426	1441	3.92e-15	33.1
Sample:REF,Pos:40137	WP_113886670.1	88.889	36	4	0	2	109	1352	1387	5.13e-15	58.2
Sample:REF,Pos:40137	WP_113886670.1	93.750	16	1	0	114	161	1396	1411	5.13e-15	33.1
Sample:REF,Pos:40137	WP_113886670.1	88.889	36	4	0	2	109	1358	1393	1.42e-14	58.2
Sample:REF,Pos:40137	WP_113886670.1	87.500	16	2	0	114	161	1402	1417	1.42e-14	31.6
Sample:REF,Pos:40137	WP_113886670.1	86.111	36	5	0	2	109	1400	1435	2.77e-14	57.4
Sample:REF,Pos:40137	WP_113886670.1	86.111	36	5	0	2	109	1406	1441	2.77e-14	57.4
Sample:REF,Pos:40137	WP_113886670.1	87.500	16	2	0	114	161	1432	1447	2.77e-14	31.6
Sample:REF,Pos:40137	WP_113886670.1	87.500	16	2	0	114	161	1444	1459	2.77e-14	31.6
Sample:REF,Pos:40137	WP_113886670.1	86.111	36	5	0	2	109	1376	1411	3.63e-14	57.0
Sample:REF,Pos:40137	WP_113886670.1	87.500	16	2	0	114	161	1414	1429	3.63e-14	31.6
Sample:REF,Pos:40137	WP_113886670.1	90.323	31	3	0	17	109	1327	1357	4.27e-14	53.9
Sample:REF,Pos:40137	WP_113886670.1	100.000	16	0	0	114	161	1354	1369	4.27e-14	34.3
Sample:REF,Pos:40137	WP_113886670.1	88.889	36	4	0	2	109	1424	1459	1.47e-13	58.5
Sample:REF,Pos:40137	WP_113886670.1	85.714	14	2	0	114	155	1456	1469	1.47e-13	27.7
Sample:REF,Pos:40137	WP_113886670.1	83.333	36	6	0	2	109	1334	1369	1.82e-13	55.5
Sample:REF,Pos:40137	WP_113886670.1	87.500	16	2	0	114	161	1378	1393	1.82e-13	30.4
Sample:REF,Pos:40137	WP_113886670.1	86.111	36	5	0	2	109	1418	1453	6.83e-13	57.4
Sample:REF,Pos:40137	WP_113886670.1	86.111	36	5	0	2	109	1430	1465	6.83e-13	57.4
Sample:REF,Pos:40137	WP_113886670.1	88.235	34	4	0	2	103	1436	1469	3.67e-12	55.1
Sample:REF,Pos:40137	WP_113886670.1	83.333	36	6	0	2	109	1364	1399	3.78e-12	55.1
Sample:REF,Pos:40137	WP_113886670.1	83.333	36	6	0	2	109	1370	1405	3.78e-12	55.1
Sample:REF,Pos:40137	WP_113886670.1	77.419	31	7	0	17	109	1321	1351	2.16e-11	46.2
Sample:REF,Pos:40137	WP_113886670.1	93.750	16	1	0	114	161	1348	1363	2.16e-11	33.1
Sample:REF,Pos:40137	WP_113886670.1	100.000	16	0	0	114	161	1336	1351	8.29e-05	34.3
Sample:REF,Pos:40137	WP_113886670.1	87.500	16	2	0	114	161	1330	1345	8.43e-04	31.6
Sample:REF,Pos:40137	WP_113886670.1	87.500	16	2	0	114	161	1342	1357	8.43e-04	31.6
Sample:REF,Pos:40137	WP_113886670.1	87.500	16	2	0	114	161	1360	1375	8.43e-04	31.6
Sample:REF,Pos:40137	WP_113886670.1	87.500	16	2	0	114	161	1384	1399	0.002	30.4
Sample:REF,Pos:40137	WP_113886670.1	86.667	15	2	0	117	161	1325	1339	0.004	29.6
Sample:REF,Pos:40137	WP_113886670.1	81.250	16	3	0	114	161	1372	1387	0.006	29.3
Sample:REF,Pos:40137	WP_086874545.1	100.000	13	0	0	162	200	18	30	2.26e-04	33.1
Sample:REF,Pos:40137	WP_012845920.1	66.667	15	3	1	155	111	200	212	1.9	22.3
Sample:REF,Pos:40137	WP_014567855.1	33.333	24	16	0	191	120	36	59	1.9	21.9
Sample:REF,Pos:40137	WP_113886592.1	80.000	10	2	0	109	80	91	100	4.3	21.2
Sample:REF,Pos:40137	WP_004897026.1	33.333	24	16	0	53	124	327	350	7.1	20.8
Sample:REF,Pos:40137	WP_086875095.1	40.625	32	13	2	197	102	221	246	7.2	20.4
# BLAST processed 1 queries
