# BLASTX 2.4.0+
# Query: Sample:REF,Pos:40158 <unknown description>
# Database: User specified sequence set (Input: lactobacillus_johnsonii_protein.faa)
# Fields: query id, subject id, % identity, alignment length, mismatches, gap opens, q. start, q. end, s. start, s. end, evalue, bit score
# 54 hits found
Sample:REF,Pos:40158	WP_113886670.1	100.000	29	0	0	2	88	1389	1417	1.78e-14	54.7
Sample:REF,Pos:40158	WP_113886670.1	100.000	29	0	0	2	88	1419	1447	1.78e-14	54.7
Sample:REF,Pos:40158	WP_113886670.1	100.000	16	0	0	93	140	1420	1435	1.78e-14	34.7
Sample:REF,Pos:40158	WP_113886670.1	100.000	16	0	0	93	140	1450	1465	1.78e-14	34.7
Sample:REF,Pos:40158	WP_113886670.1	96.552	29	1	0	2	88	1335	1363	4.90e-14	53.1
Sample:REF,Pos:40158	WP_113886670.1	96.552	29	1	0	2	88	1347	1375	4.90e-14	53.1
Sample:REF,Pos:40158	WP_113886670.1	100.000	16	0	0	93	140	1366	1381	4.90e-14	34.7
Sample:REF,Pos:40158	WP_113886670.1	100.000	16	0	0	93	140	1390	1405	4.90e-14	34.7
Sample:REF,Pos:40158	WP_113886670.1	93.103	29	2	0	2	88	1329	1357	1.40e-13	51.6
Sample:REF,Pos:40158	WP_113886670.1	93.103	29	2	0	2	88	1353	1381	1.40e-13	51.6
Sample:REF,Pos:40158	WP_113886670.1	93.103	29	2	0	2	88	1401	1429	1.40e-13	51.6
Sample:REF,Pos:40158	WP_113886670.1	100.000	16	0	0	93	140	1354	1369	1.40e-13	34.7
Sample:REF,Pos:40158	WP_113886670.1	100.000	16	0	0	93	140	1408	1423	1.40e-13	34.7
Sample:REF,Pos:40158	WP_113886670.1	100.000	16	0	0	93	140	1438	1453	1.40e-13	34.7
Sample:REF,Pos:40158	WP_113886670.1	93.103	29	2	0	2	88	1365	1393	3.87e-13	51.6
Sample:REF,Pos:40158	WP_113886670.1	93.750	16	1	0	93	140	1396	1411	3.87e-13	33.5
Sample:REF,Pos:40158	WP_113886670.1	93.103	29	2	0	2	88	1407	1435	9.24e-13	51.6
Sample:REF,Pos:40158	WP_113886670.1	87.500	16	2	0	93	140	1432	1447	9.24e-13	32.0
Sample:REF,Pos:40158	WP_113886670.1	89.655	29	3	0	2	88	1395	1423	1.02e-12	50.1
Sample:REF,Pos:40158	WP_113886670.1	93.750	16	1	0	93	140	1426	1441	1.02e-12	33.5
Sample:REF,Pos:40158	WP_113886670.1	89.655	29	3	0	2	88	1413	1441	2.64e-12	50.1
Sample:REF,Pos:40158	WP_113886670.1	87.500	16	2	0	93	140	1444	1459	2.64e-12	32.0
Sample:REF,Pos:40158	WP_113886670.1	89.655	29	3	0	2	88	1359	1387	2.86e-12	50.1
Sample:REF,Pos:40158	WP_113886670.1	89.655	29	3	0	2	88	1383	1411	2.86e-12	50.1
Sample:REF,Pos:40158	WP_113886670.1	87.500	16	2	0	93	140	1402	1417	2.86e-12	32.0
Sample:REF,Pos:40158	WP_113886670.1	87.500	16	2	0	93	140	1414	1429	2.86e-12	32.0
Sample:REF,Pos:40158	WP_113886670.1	93.103	29	2	0	2	88	1431	1459	1.31e-11	51.6
Sample:REF,Pos:40158	WP_113886670.1	85.714	14	2	0	93	134	1456	1469	1.31e-11	28.1
Sample:REF,Pos:40158	WP_113886670.1	86.207	29	4	0	2	88	1341	1369	1.56e-11	48.5
Sample:REF,Pos:40158	WP_113886670.1	87.500	16	2	0	93	140	1378	1393	1.56e-11	30.8
Sample:REF,Pos:40158	WP_113886670.1	85.185	27	4	0	8	88	1325	1351	3.75e-11	45.1
Sample:REF,Pos:40158	WP_113886670.1	93.750	16	1	0	93	140	1348	1363	3.75e-11	33.5
Sample:REF,Pos:40158	WP_113886670.1	93.103	29	2	0	2	88	1437	1465	6.04e-11	51.6
Sample:REF,Pos:40158	WP_113886670.1	89.655	29	3	0	2	88	1425	1453	2.14e-10	50.1
Sample:REF,Pos:40158	WP_113886670.1	86.207	29	4	0	2	88	1371	1399	7.94e-10	48.5
Sample:REF,Pos:40158	WP_113886670.1	86.207	29	4	0	2	88	1377	1405	7.94e-10	48.5
Sample:REF,Pos:40158	WP_113886670.1	92.593	27	2	0	2	82	1443	1469	9.56e-10	48.5
Sample:REF,Pos:40158	WP_113886670.1	80.000	25	5	0	14	88	1321	1345	9.51e-09	38.1
Sample:REF,Pos:40158	WP_113886670.1	87.500	16	2	0	93	140	1342	1357	9.51e-09	32.0
Sample:REF,Pos:40158	WP_113886670.1	100.000	16	0	0	93	140	1336	1351	6.55e-05	34.7
Sample:REF,Pos:40158	WP_113886670.1	87.500	16	2	0	93	140	1330	1345	6.46e-04	32.0
Sample:REF,Pos:40158	WP_113886670.1	87.500	16	2	0	93	140	1360	1375	6.46e-04	32.0
Sample:REF,Pos:40158	WP_113886670.1	87.500	16	2	0	93	140	1384	1399	0.002	30.8
Sample:REF,Pos:40158	WP_113886670.1	86.667	15	2	0	96	140	1325	1339	0.003	30.0
Sample:REF,Pos:40158	WP_113886670.1	81.250	16	3	0	93	140	1372	1387	0.005	29.3
Sample:REF,Pos:40158	WP_113886670.1	40.476	42	25	0	2	127	1455	1496	0.022	27.7
Sample:REF,Pos:40158	WP_086874545.1	100.000	20	0	0	141	200	18	37	6.57e-10	48.9
Sample:REF,Pos:40158	WP_012845920.1	66.667	15	3	1	134	90	200	212	1.9	22.3
Sample:REF,Pos:40158	WP_011161934.1	29.630	27	19	0	85	5	204	230	2.9	21.6
Sample:REF,Pos:40158	WP_014567855.1	34.783	23	15	0	167	99	37	59	4.4	21.2
Sample:REF,Pos:40158	WP_004897026.1	33.333	24	16	0	32	103	327	350	6.5	20.8
Sample:REF,Pos:40158	WP_113886592.1	80.000	10	2	0	88	59	91	100	8.0	20.4
Sample:REF,Pos:40158	WP_003647012.1	63.636	11	4	0	73	41	7	17	8.1	20.4
Sample:REF,Pos:40158	WP_086875095.1	43.333	30	11	2	170	81	223	246	9.5	20.0
# BLAST processed 1 queries
