# BLASTX 2.4.0+
# Query: Sample:N2,Pos:40085 <unknown description>
# Database: User specified sequence set (Input: lactobacillus_johnsonii_protein.faa)
# Fields: query id, subject id, % identity, alignment length, mismatches, gap opens, q. start, q. end, s. start, s. end, evalue, bit score
# 40 hits found
Sample:N2,Pos:40085	WP_113886670.1	94.340	53	3	0	3	161	1395	1447	1.19e-23	87.8
Sample:N2,Pos:40085	WP_113886670.1	92.453	53	4	0	3	161	1365	1417	3.70e-23	86.3
Sample:N2,Pos:40085	WP_113886670.1	92.453	53	4	0	3	161	1407	1459	4.45e-23	86.3
Sample:N2,Pos:40085	WP_113886670.1	88.679	53	6	0	3	161	1335	1387	5.28e-22	83.2
Sample:N2,Pos:40085	WP_113886670.1	88.679	53	6	0	3	161	1341	1393	5.28e-22	83.2
Sample:N2,Pos:40085	WP_113886670.1	88.679	53	6	0	3	161	1353	1405	5.28e-22	83.2
Sample:N2,Pos:40085	WP_113886670.1	88.679	53	6	0	3	161	1377	1429	5.28e-22	83.2
Sample:N2,Pos:40085	WP_113886670.1	86.792	53	7	0	3	161	1383	1435	2.03e-21	81.6
Sample:N2,Pos:40085	WP_113886670.1	90.000	50	5	0	3	152	1419	1468	2.32e-21	81.3
Sample:N2,Pos:40085	WP_113886670.1	86.792	53	7	0	3	161	1413	1465	2.44e-21	81.3
Sample:N2,Pos:40085	WP_113886670.1	90.196	51	5	0	9	161	1325	1375	3.27e-21	80.9
Sample:N2,Pos:40085	WP_113886670.1	84.906	53	8	0	3	161	1329	1381	9.09e-21	79.7
Sample:N2,Pos:40085	WP_113886670.1	83.019	53	9	0	3	161	1347	1399	2.82e-20	78.2
Sample:N2,Pos:40085	WP_113886670.1	83.019	53	9	0	3	161	1371	1423	2.90e-20	78.2
Sample:N2,Pos:40085	WP_113886670.1	93.333	45	3	0	3	137	1425	1469	8.31e-20	77.0
Sample:N2,Pos:40085	WP_113886670.1	73.469	49	13	0	15	161	1321	1369	2.19e-15	64.3
Sample:N2,Pos:40085	WP_113886670.1	100.000	13	0	0	163	201	1365	1377	2.19e-15	28.5
Sample:N2,Pos:40085	WP_113886670.1	100.000	13	0	0	163	201	1335	1347	0.013	28.5
Sample:N2,Pos:40085	WP_113886670.1	100.000	13	0	0	163	201	1353	1365	0.013	28.5
Sample:N2,Pos:40085	WP_113886670.1	100.000	13	0	0	163	201	1389	1401	0.013	28.5
Sample:N2,Pos:40085	WP_113886670.1	100.000	13	0	0	163	201	1407	1419	0.013	28.5
Sample:N2,Pos:40085	WP_113886670.1	100.000	13	0	0	163	201	1419	1431	0.013	28.5
Sample:N2,Pos:40085	WP_113886670.1	100.000	13	0	0	163	201	1437	1449	0.013	28.5
Sample:N2,Pos:40085	WP_113886670.1	100.000	13	0	0	163	201	1449	1461	0.013	28.5
Sample:N2,Pos:40085	WP_113886670.1	92.308	13	1	0	163	201	1347	1359	0.040	26.9
Sample:N2,Pos:40085	WP_113886670.1	92.308	13	1	0	163	201	1395	1407	0.042	26.9
Sample:N2,Pos:40085	WP_113886670.1	92.308	13	1	0	163	201	1425	1437	0.042	26.9
Sample:N2,Pos:40085	WP_113886670.1	84.615	13	2	0	163	201	1329	1341	0.13	25.4
Sample:N2,Pos:40085	WP_113886670.1	84.615	13	2	0	163	201	1341	1353	0.13	25.4
Sample:N2,Pos:40085	WP_113886670.1	84.615	13	2	0	163	201	1359	1371	0.13	25.4
Sample:N2,Pos:40085	WP_113886670.1	84.615	13	2	0	163	201	1371	1383	0.13	25.4
Sample:N2,Pos:40085	WP_113886670.1	84.615	13	2	0	163	201	1401	1413	0.13	25.4
Sample:N2,Pos:40085	WP_113886670.1	84.615	13	2	0	163	201	1413	1425	0.13	25.4
Sample:N2,Pos:40085	WP_113886670.1	84.615	13	2	0	163	201	1431	1443	0.13	25.4
Sample:N2,Pos:40085	WP_113886670.1	84.615	13	2	0	163	201	1443	1455	0.13	25.4
Sample:N2,Pos:40085	WP_113886670.1	84.615	13	2	0	163	201	1455	1467	0.13	25.4
Sample:N2,Pos:40085	WP_113886670.1	84.615	13	2	0	163	201	1377	1389	0.20	25.0
Sample:N2,Pos:40085	WP_113886670.1	84.615	13	2	0	163	201	1383	1395	0.20	25.0
Sample:N2,Pos:40085	WP_113886670.1	81.818	11	2	0	169	201	1325	1335	3.7	21.6
Sample:N2,Pos:40085	WP_113886670.1	100.000	9	0	0	163	189	1461	1469	6.4	20.8
# BLAST processed 1 queries
