# BLASTX 2.4.0+
# Query: Sample:N3,Pos:4579 <unknown description>
# Database: User specified sequence set (Input: clostridium_sporogenes_protein.faa)
# Fields: query id, subject id, % identity, alignment length, mismatches, gap opens, q. start, q. end, s. start, s. end, evalue, bit score
# 57 hits found
Sample:N3,Pos:4579	WP_003496522.1	62.000	50	18	1	1	150	32	80	7.17e-15	58.9
Sample:N3,Pos:4579	WP_033061250.1	38.806	67	38	1	1	201	5	68	3.43e-10	49.3
Sample:N3,Pos:4579	WP_003490956.1	53.659	41	19	0	79	201	23	63	6.95e-07	40.0
Sample:N3,Pos:4579	WP_003490537.1	43.902	41	23	0	79	201	21	61	1.42e-06	39.3
Sample:N3,Pos:4579	WP_004461542.1	58.621	29	12	0	88	174	21	49	2.34e-06	38.5
Sample:N3,Pos:4579	WP_003494611.1	42.857	42	24	0	76	201	21	62	2.67e-06	38.5
Sample:N3,Pos:4579	WP_040109210.1	47.368	38	20	0	88	201	25	62	4.19e-06	37.7
Sample:N3,Pos:4579	WP_052691695.1	51.429	35	16	1	88	189	358	392	5.07e-06	37.7
Sample:N3,Pos:4579	WP_003491790.1	38.776	49	29	1	55	201	13	60	6.30e-06	37.4
Sample:N3,Pos:4579	WP_003490952.1	45.833	48	21	1	73	201	8	55	1.21e-05	36.6
Sample:N3,Pos:4579	WP_033059225.1	41.026	39	23	0	85	201	26	64	1.26e-05	36.6
Sample:N3,Pos:4579	WP_003493156.1	41.026	39	23	0	85	201	24	62	1.46e-05	36.6
Sample:N3,Pos:4579	WP_003491121.1	44.737	38	21	0	88	201	24	61	2.70e-05	35.8
Sample:N3,Pos:4579	WP_040108466.1	37.500	48	29	1	58	201	17	63	2.79e-05	35.8
Sample:N3,Pos:4579	WP_003492493.1	41.860	43	25	0	73	201	18	60	3.29e-05	35.4
Sample:N3,Pos:4579	WP_003492950.1	31.667	60	38	1	22	201	2	58	3.55e-05	35.4
Sample:N3,Pos:4579	WP_046869915.1	39.474	38	23	0	88	201	21	58	4.40e-05	35.0
Sample:N3,Pos:4579	WP_003493442.1	41.026	39	23	0	85	201	26	64	7.19e-05	34.7
Sample:N3,Pos:4579	WP_003490356.1	41.026	39	23	0	85	201	24	62	7.51e-05	34.3
Sample:N3,Pos:4579	WP_003492070.1	60.000	25	10	0	127	201	39	63	8.09e-05	34.3
Sample:N3,Pos:4579	WP_077272573.1	39.024	41	25	0	79	201	16	56	9.41e-05	34.3
Sample:N3,Pos:4579	WP_040109546.1	43.590	39	22	0	85	201	23	61	1.64e-04	33.5
Sample:N3,Pos:4579	WP_003493351.1	37.838	37	23	0	91	201	22	58	1.85e-04	33.5
Sample:N3,Pos:4579	WP_046869919.1	46.875	32	17	0	88	183	21	52	3.02e-04	32.7
Sample:N3,Pos:4579	WP_003493359.1	32.609	46	31	0	31	168	1	46	5.07e-04	32.0
Sample:N3,Pos:4579	WP_033061228.1	36.000	50	31	1	52	201	18	66	8.38e-04	31.6
Sample:N3,Pos:4579	WP_040108247.1	35.484	62	31	1	16	201	7	59	0.001	31.2
Sample:N3,Pos:4579	WP_040108298.1	34.783	46	25	2	67	201	17	58	0.001	31.2
Sample:N3,Pos:4579	WP_040108298.1	36.585	41	26	0	79	201	266	306	0.099	25.8
Sample:N3,Pos:4579	WP_003494915.1	34.615	52	33	1	31	183	10	61	0.001	31.2
Sample:N3,Pos:4579	WP_003492465.1	37.209	43	27	0	40	168	4	46	0.001	30.8
Sample:N3,Pos:4579	WP_046869879.1	39.474	38	18	1	52	165	22	54	0.002	29.6
Sample:N3,Pos:4579	WP_045884812.1	32.609	46	29	1	70	201	11	56	0.002	30.4
Sample:N3,Pos:4579	WP_003496432.1	38.462	39	24	0	85	201	19	57	0.003	29.6
Sample:N3,Pos:4579	WP_033058457.1	37.838	37	23	0	91	201	26	62	0.004	29.6
Sample:N3,Pos:4579	WP_033058995.1	36.842	38	24	0	88	201	19	56	0.004	29.6
Sample:N3,Pos:4579	WP_040108001.1	44.118	34	18	1	85	183	20	53	0.008	28.9
Sample:N3,Pos:4579	WP_134789435.1	40.909	44	25	1	70	201	18	60	0.013	28.1
Sample:N3,Pos:4579	WP_003494485.1	36.667	30	19	0	85	174	18	47	0.041	26.6
Sample:N3,Pos:4579	WP_003483065.1	34.211	38	25	0	88	201	20	57	0.051	26.6
Sample:N3,Pos:4579	WP_003493221.1	39.130	46	22	3	43	165	130	174	0.087	25.8
Sample:N3,Pos:4579	WP_003491106.1	34.211	38	25	0	88	201	19	56	0.14	25.4
Sample:N3,Pos:4579	WP_046869768.1	41.667	24	14	0	130	201	1	24	0.17	25.0
Sample:N3,Pos:4579	WP_080941281.1	34.848	66	29	3	34	198	819	881	0.28	24.6
Sample:N3,Pos:4579	WP_040109101.1	36.000	25	16	0	127	201	33	57	0.34	24.3
Sample:N3,Pos:4579	WP_040108260.1	30.357	56	37	1	40	201	2	57	0.34	24.3
Sample:N3,Pos:4579	WP_003494692.1	34.483	29	19	0	88	174	20	48	0.39	23.9
Sample:N3,Pos:4579	WP_003358207.1	44.000	25	14	0	112	186	3	27	0.41	23.9
Sample:N3,Pos:4579	WP_033059479.1	32.500	40	25	2	67	183	19	57	0.54	23.9
Sample:N3,Pos:4579	WP_003490946.1	50.000	16	8	0	118	165	30	45	1.1	22.7
Sample:N3,Pos:4579	WP_003496360.1	27.778	36	24	1	67	168	120	155	1.3	22.7
Sample:N3,Pos:4579	WP_033061483.1	30.435	46	25	2	4	120	65	110	1.3	22.7
Sample:N3,Pos:4579	WP_040108543.1	41.379	29	16	1	46	132	53	80	1.4	22.3
Sample:N3,Pos:4579	WP_003494252.1	66.667	12	4	0	78	43	140	151	4.5	21.2
Sample:N3,Pos:4579	WP_040109418.1	37.500	24	14	1	103	174	1	23	6.8	20.8
Sample:N3,Pos:4579	WP_046869979.1	52.941	17	5	1	7	57	39	52	7.5	20.4
Sample:N3,Pos:4579	WP_003492847.1	57.143	14	6	0	160	201	79	92	9.5	20.0
# BLAST processed 1 queries
