# BLASTX 2.4.0+
# Query: Sample:P2,Pos:4831 <unknown description>
# Database: User specified sequence set (Input: clostridium_sporogenes_protein.faa)
# Fields: query id, subject id, % identity, alignment length, mismatches, gap opens, q. start, q. end, s. start, s. end, evalue, bit score
# 45 hits found
Sample:P2,Pos:4831	WP_003490952.1	41.667	72	37	1	1	201	67	138	1.36e-14	60.8
Sample:P2,Pos:4831	WP_003490537.1	41.096	73	37	1	1	201	80	152	1.31e-12	55.8
Sample:P2,Pos:4831	WP_003493156.1	38.356	73	39	2	1	201	84	156	3.87e-10	49.3
Sample:P2,Pos:4831	WP_003492070.1	41.096	73	37	2	1	201	91	163	1.63e-09	47.4
Sample:P2,Pos:4831	WP_003483065.1	38.356	73	39	2	1	201	84	156	1.81e-09	47.4
Sample:P2,Pos:4831	WP_040109210.1	39.437	71	39	2	1	201	90	160	1.03e-08	45.1
Sample:P2,Pos:4831	WP_003494611.1	40.845	71	38	2	1	201	90	160	2.32e-08	44.3
Sample:P2,Pos:4831	WP_003490356.1	39.437	71	39	2	1	201	90	160	4.20e-08	43.5
Sample:P2,Pos:4831	WP_077272573.1	37.838	74	39	2	1	201	83	156	6.88e-08	42.7
Sample:P2,Pos:4831	WP_045884812.1	39.189	74	38	2	1	201	85	158	9.44e-08	42.4
Sample:P2,Pos:4831	WP_033058995.1	41.096	73	37	2	1	201	83	155	3.00e-07	41.2
Sample:P2,Pos:4831	WP_040109546.1	37.681	69	40	2	1	201	89	156	5.24e-07	40.4
Sample:P2,Pos:4831	WP_033058457.1	36.486	74	39	2	1	201	90	162	9.04e-07	39.7
Sample:P2,Pos:4831	WP_003491106.1	36.486	74	39	3	1	201	83	155	9.66e-07	39.7
Sample:P2,Pos:4831	WP_033059479.1	39.744	78	35	4	1	201	93	169	1.29e-06	39.3
Sample:P2,Pos:4831	WP_033059479.1	40.541	37	22	0	91	201	441	477	0.011	28.5
Sample:P2,Pos:4831	WP_040108466.1	32.877	73	43	2	1	201	91	163	8.30e-06	37.0
Sample:P2,Pos:4831	WP_003491121.1	36.620	71	38	2	1	201	89	156	2.40e-05	35.8
Sample:P2,Pos:4831	WP_003490956.1	45.714	35	19	0	97	201	129	163	4.07e-05	35.0
Sample:P2,Pos:4831	WP_003493442.1	32.877	73	43	3	1	201	92	164	6.65e-05	34.7
Sample:P2,Pos:4831	WP_003491790.1	31.507	73	44	2	1	201	88	160	8.15e-05	34.3
Sample:P2,Pos:4831	WP_046869768.1	34.286	70	40	3	1	192	52	121	2.66e-04	32.7
Sample:P2,Pos:4831	WP_033061228.1	34.694	49	31	1	58	201	121	169	3.06e-04	32.7
Sample:P2,Pos:4831	WP_040108001.1	34.043	47	31	0	61	201	96	142	6.06e-04	32.0
Sample:P2,Pos:4831	WP_033059225.1	28.378	74	45	2	1	201	92	164	6.82e-04	31.6
Sample:P2,Pos:4831	WP_040109191.1	35.294	68	30	3	37	201	438	504	0.001	31.2
Sample:P2,Pos:4831	WP_040109101.1	35.556	45	29	0	64	198	112	156	0.005	29.3
Sample:P2,Pos:4831	WP_003493029.1	29.851	67	41	1	19	201	102	168	0.009	28.5
Sample:P2,Pos:4831	WP_033061250.1	39.474	76	34	4	1	201	96	168	0.011	28.5
Sample:P2,Pos:4831	WP_003493351.1	39.130	46	28	0	61	198	112	157	0.014	28.1
Sample:P2,Pos:4831	WP_003492493.1	31.944	72	44	1	1	201	88	159	0.025	27.3
Sample:P2,Pos:4831	WP_004461542.1	60.000	20	8	0	142	201	144	163	0.034	26.9
Sample:P2,Pos:4831	WP_003494915.1	54.545	22	10	0	136	201	144	165	0.080	25.8
Sample:P2,Pos:4831	WP_046869919.1	30.189	53	36	1	43	201	109	160	0.23	24.6
Sample:P2,Pos:4831	WP_003492950.1	32.609	46	31	0	61	198	112	157	0.36	24.3
Sample:P2,Pos:4831	WP_003494692.1	28.889	45	32	0	64	198	112	156	0.95	23.1
Sample:P2,Pos:4831	WP_003491615.1	42.105	38	20	1	16	123	84	121	1.3	22.7
Sample:P2,Pos:4831	WP_033060652.1	38.462	26	16	0	31	108	31	56	2.0	21.9
Sample:P2,Pos:4831	WP_040108260.1	27.778	36	26	0	91	198	111	146	6.3	20.8
Sample:P2,Pos:4831	WP_030035449.1	50.000	16	8	0	130	177	148	163	6.4	20.4
Sample:P2,Pos:4831	WP_040108176.1	47.368	19	10	0	67	123	81	99	6.4	20.4
Sample:P2,Pos:4831	WP_003486039.1	31.034	29	20	0	61	147	1	29	7.3	20.4
Sample:P2,Pos:4831	WP_003494103.1	29.412	17	12	0	122	172	26	42	7.8	20.0
Sample:P2,Pos:4831	WP_003496301.1	60.000	10	4	0	55	84	98	107	8.7	20.0
Sample:P2,Pos:4831	WP_003493575.1	47.059	17	9	0	160	110	13	29	8.9	20.0
# BLAST processed 1 queries
