# BLASTX 2.4.0+
# Query: Sample:N1,Pos:40182 <unknown description>
# Database: User specified sequence set (Input: lactobacillus_johnsonii_protein.faa)
# Fields: query id, subject id, % identity, alignment length, mismatches, gap opens, q. start, q. end, s. start, s. end, evalue, bit score
# 56 hits found
Sample:N1,Pos:40182	WP_086874545.1	96.429	28	1	0	117	200	18	45	5.63e-15	62.8
Sample:N1,Pos:40182	WP_113886670.1	100.000	20	0	0	5	64	1398	1417	1.18e-09	40.0
Sample:N1,Pos:40182	WP_113886670.1	100.000	20	0	0	5	64	1428	1447	1.18e-09	40.0
Sample:N1,Pos:40182	WP_113886670.1	93.750	16	1	0	69	116	1420	1435	1.18e-09	33.1
Sample:N1,Pos:40182	WP_113886670.1	93.750	16	1	0	69	116	1450	1465	1.18e-09	33.1
Sample:N1,Pos:40182	WP_113886670.1	95.000	20	1	0	5	64	1338	1357	2.81e-09	38.9
Sample:N1,Pos:40182	WP_113886670.1	95.000	20	1	0	5	64	1344	1363	2.81e-09	38.9
Sample:N1,Pos:40182	WP_113886670.1	95.000	20	1	0	5	64	1356	1375	2.81e-09	38.9
Sample:N1,Pos:40182	WP_113886670.1	95.000	20	1	0	5	64	1410	1429	2.81e-09	38.9
Sample:N1,Pos:40182	WP_113886670.1	93.750	16	1	0	69	116	1354	1369	2.81e-09	33.1
Sample:N1,Pos:40182	WP_113886670.1	93.750	16	1	0	69	116	1366	1381	2.81e-09	33.1
Sample:N1,Pos:40182	WP_113886670.1	93.750	16	1	0	69	116	1390	1405	2.81e-09	33.1
Sample:N1,Pos:40182	WP_113886670.1	93.750	16	1	0	69	116	1438	1453	2.81e-09	33.1
Sample:N1,Pos:40182	WP_113886670.1	90.000	20	2	0	5	64	1362	1381	8.16e-09	37.4
Sample:N1,Pos:40182	WP_113886670.1	93.750	16	1	0	69	116	1408	1423	8.16e-09	33.1
Sample:N1,Pos:40182	WP_113886670.1	95.000	20	1	0	5	64	1326	1345	9.90e-09	38.1
Sample:N1,Pos:40182	WP_113886670.1	87.500	16	2	0	69	116	1348	1363	9.90e-09	31.6
Sample:N1,Pos:40182	WP_113886670.1	90.000	20	2	0	5	64	1392	1411	9.98e-09	37.4
Sample:N1,Pos:40182	WP_113886670.1	93.750	16	1	0	69	116	1426	1441	9.98e-09	32.7
Sample:N1,Pos:40182	WP_113886670.1	90.000	20	2	0	5	64	1368	1387	1.19e-08	37.0
Sample:N1,Pos:40182	WP_113886670.1	93.750	16	1	0	69	116	1396	1411	1.19e-08	32.7
Sample:N1,Pos:40182	WP_113886670.1	90.000	20	2	0	5	64	1332	1351	2.31e-08	37.4
Sample:N1,Pos:40182	WP_113886670.1	90.000	20	2	0	5	64	1404	1423	2.31e-08	37.4
Sample:N1,Pos:40182	WP_113886670.1	90.000	20	2	0	5	64	1416	1435	2.31e-08	37.4
Sample:N1,Pos:40182	WP_113886670.1	87.500	16	2	0	69	116	1360	1375	2.31e-08	31.2
Sample:N1,Pos:40182	WP_113886670.1	87.500	16	2	0	69	116	1432	1447	2.31e-08	31.2
Sample:N1,Pos:40182	WP_113886670.1	87.500	16	2	0	69	116	1444	1459	2.31e-08	31.2
Sample:N1,Pos:40182	WP_113886670.1	90.000	20	2	0	5	64	1374	1393	2.75e-08	37.0
Sample:N1,Pos:40182	WP_113886670.1	87.500	16	2	0	69	116	1402	1417	2.75e-08	31.2
Sample:N1,Pos:40182	WP_113886670.1	85.000	20	3	0	5	64	1380	1399	6.56e-08	35.8
Sample:N1,Pos:40182	WP_113886670.1	87.500	16	2	0	69	116	1414	1429	6.56e-08	31.2
Sample:N1,Pos:40182	WP_113886670.1	95.000	20	1	0	5	64	1440	1459	1.15e-07	38.9
Sample:N1,Pos:40182	WP_113886670.1	85.714	14	2	0	69	110	1456	1469	1.15e-07	27.3
Sample:N1,Pos:40182	WP_113886670.1	85.000	20	3	0	5	64	1350	1369	2.53e-07	35.8
Sample:N1,Pos:40182	WP_113886670.1	81.250	16	3	0	69	116	1378	1393	2.53e-07	29.3
Sample:N1,Pos:40182	WP_113886670.1	93.750	16	1	0	69	116	1336	1351	4.44e-06	33.1
Sample:N1,Pos:40182	WP_113886670.1	66.667	21	7	0	2	64	1319	1339	4.44e-06	27.7
Sample:N1,Pos:40182	WP_113886670.1	90.000	20	2	0	5	64	1422	1441	8.27e-06	37.4
Sample:N1,Pos:40182	WP_113886670.1	90.000	20	2	0	5	64	1434	1453	8.27e-06	37.4
Sample:N1,Pos:40182	WP_113886670.1	90.000	20	2	0	5	64	1446	1465	8.27e-06	37.4
Sample:N1,Pos:40182	WP_113886670.1	94.444	18	1	0	5	58	1452	1469	3.88e-05	35.4
Sample:N1,Pos:40182	WP_113886670.1	80.000	20	4	0	5	64	1386	1405	1.09e-04	34.3
Sample:N1,Pos:40182	WP_113886670.1	87.500	16	2	0	69	116	1330	1345	0.001	31.2
Sample:N1,Pos:40182	WP_113886670.1	87.500	16	2	0	69	116	1342	1357	0.001	31.2
Sample:N1,Pos:40182	WP_113886670.1	86.667	15	2	0	72	116	1325	1339	0.006	29.3
Sample:N1,Pos:40182	WP_113886670.1	81.250	16	3	0	69	116	1384	1399	0.007	29.3
Sample:N1,Pos:40182	WP_113886670.1	81.250	16	3	0	69	116	1372	1387	0.009	28.9
Sample:N1,Pos:40182	WP_014567312.1	72.727	11	3	0	194	162	149	159	0.96	23.1
Sample:N1,Pos:40182	WP_004898281.1	40.000	20	12	0	70	129	25	44	1.5	22.3
Sample:N1,Pos:40182	WP_004895097.1	31.429	35	23	1	96	197	57	91	1.5	22.3
Sample:N1,Pos:40182	WP_086874714.1	21.053	38	30	0	185	72	288	325	6.2	20.8
Sample:N1,Pos:40182	WP_023599365.1	55.556	9	4	0	78	104	217	225	6.8	20.8
Sample:N1,Pos:40182	WP_003647012.1	63.636	11	4	0	49	17	7	17	6.9	20.8
Sample:N1,Pos:40182	WP_113886592.1	80.000	10	2	0	64	35	91	100	7.3	20.4
Sample:N1,Pos:40182	WP_113886625.1	34.211	38	21	1	8	121	518	551	7.4	20.4
Sample:N1,Pos:40182	WP_011161820.1	26.316	19	14	0	114	170	312	330	8.0	20.4
# BLAST processed 1 queries
