# BLASTX 2.4.0+
# Query: Sample:N1,Pos:40155 <unknown description>
# Database: User specified sequence set (Input: lactobacillus_johnsonii_protein.faa)
# Fields: query id, subject id, % identity, alignment length, mismatches, gap opens, q. start, q. end, s. start, s. end, evalue, bit score
# 52 hits found
Sample:N1,Pos:40155	WP_113886670.1	96.667	30	1	0	2	91	1388	1417	7.67e-14	54.3
Sample:N1,Pos:40155	WP_113886670.1	93.750	16	1	0	96	143	1420	1435	7.67e-14	33.1
Sample:N1,Pos:40155	WP_113886670.1	93.333	30	2	0	2	91	1418	1447	2.02e-13	52.8
Sample:N1,Pos:40155	WP_113886670.1	93.750	16	1	0	96	143	1450	1465	2.02e-13	33.1
Sample:N1,Pos:40155	WP_113886670.1	90.000	30	3	0	2	91	1334	1363	5.82e-13	51.2
Sample:N1,Pos:40155	WP_113886670.1	90.000	30	3	0	2	91	1346	1375	5.82e-13	51.2
Sample:N1,Pos:40155	WP_113886670.1	90.000	30	3	0	2	91	1352	1381	5.82e-13	51.2
Sample:N1,Pos:40155	WP_113886670.1	93.750	16	1	0	96	143	1366	1381	5.82e-13	33.1
Sample:N1,Pos:40155	WP_113886670.1	93.750	16	1	0	96	143	1390	1405	5.82e-13	33.1
Sample:N1,Pos:40155	WP_113886670.1	93.750	16	1	0	96	143	1408	1423	5.82e-13	33.1
Sample:N1,Pos:40155	WP_113886670.1	86.667	30	4	0	2	91	1394	1423	1.53e-12	50.1
Sample:N1,Pos:40155	WP_113886670.1	93.750	16	1	0	96	143	1438	1453	1.53e-12	33.1
Sample:N1,Pos:40155	WP_113886670.1	86.667	30	4	0	2	91	1400	1429	1.73e-12	50.1
Sample:N1,Pos:40155	WP_113886670.1	93.750	16	1	0	96	143	1426	1441	1.73e-12	32.7
Sample:N1,Pos:40155	WP_113886670.1	86.667	30	4	0	2	91	1328	1357	2.02e-12	49.7
Sample:N1,Pos:40155	WP_113886670.1	93.750	16	1	0	96	143	1354	1369	2.02e-12	33.1
Sample:N1,Pos:40155	WP_113886670.1	86.667	30	4	0	2	91	1358	1387	2.05e-12	49.7
Sample:N1,Pos:40155	WP_113886670.1	93.750	16	1	0	96	143	1396	1411	2.05e-12	32.7
Sample:N1,Pos:40155	WP_113886670.1	86.667	30	4	0	2	91	1406	1435	4.40e-12	50.1
Sample:N1,Pos:40155	WP_113886670.1	86.667	30	4	0	2	91	1412	1441	4.40e-12	50.1
Sample:N1,Pos:40155	WP_113886670.1	87.500	16	2	0	96	143	1432	1447	4.40e-12	31.6
Sample:N1,Pos:40155	WP_113886670.1	87.500	16	2	0	96	143	1444	1459	4.40e-12	31.6
Sample:N1,Pos:40155	WP_113886670.1	86.667	30	4	0	2	91	1364	1393	5.22e-12	49.7
Sample:N1,Pos:40155	WP_113886670.1	86.667	30	4	0	2	91	1382	1411	5.22e-12	49.7
Sample:N1,Pos:40155	WP_113886670.1	87.500	16	2	0	96	143	1402	1417	5.22e-12	31.6
Sample:N1,Pos:40155	WP_113886670.1	87.500	16	2	0	96	143	1414	1429	5.22e-12	31.6
Sample:N1,Pos:40155	WP_113886670.1	83.333	30	5	0	2	91	1340	1369	6.04e-11	48.5
Sample:N1,Pos:40155	WP_113886670.1	81.250	16	3	0	96	143	1378	1393	6.04e-11	29.3
Sample:N1,Pos:40155	WP_113886670.1	86.667	30	4	0	2	91	1424	1453	6.14e-11	50.1
Sample:N1,Pos:40155	WP_113886670.1	85.714	14	2	0	96	137	1456	1469	6.14e-11	27.7
Sample:N1,Pos:40155	WP_113886670.1	86.667	30	4	0	2	91	1430	1459	2.73e-10	50.1
Sample:N1,Pos:40155	WP_113886670.1	86.667	30	4	0	2	91	1436	1465	2.73e-10	50.1
Sample:N1,Pos:40155	WP_113886670.1	81.481	27	5	0	11	91	1325	1351	5.46e-10	42.7
Sample:N1,Pos:40155	WP_113886670.1	87.500	16	2	0	96	143	1348	1363	5.46e-10	31.6
Sample:N1,Pos:40155	WP_113886670.1	83.333	30	5	0	2	91	1370	1399	1.20e-09	48.1
Sample:N1,Pos:40155	WP_113886670.1	89.286	28	3	0	2	85	1442	1469	1.36e-09	47.8
Sample:N1,Pos:40155	WP_113886670.1	80.000	30	6	0	2	91	1376	1405	3.85e-09	46.6
Sample:N1,Pos:40155	WP_113886670.1	93.750	16	1	0	96	143	1336	1351	4.77e-06	33.1
Sample:N1,Pos:40155	WP_113886670.1	66.667	21	7	0	29	91	1319	1339	4.77e-06	27.7
Sample:N1,Pos:40155	WP_113886670.1	45.238	42	23	0	2	127	1454	1495	0.001	31.6
Sample:N1,Pos:40155	WP_113886670.1	87.500	16	2	0	96	143	1330	1345	0.001	31.6
Sample:N1,Pos:40155	WP_113886670.1	87.500	16	2	0	96	143	1342	1357	0.001	31.6
Sample:N1,Pos:40155	WP_113886670.1	87.500	16	2	0	96	143	1360	1375	0.001	31.6
Sample:N1,Pos:40155	WP_113886670.1	86.667	15	2	0	99	143	1325	1339	0.005	29.3
Sample:N1,Pos:40155	WP_113886670.1	81.250	16	3	0	96	143	1384	1399	0.006	29.3
Sample:N1,Pos:40155	WP_113886670.1	81.250	16	3	0	96	143	1372	1387	0.007	28.9
Sample:N1,Pos:40155	WP_086874545.1	94.737	19	1	0	144	200	18	36	3.04e-08	43.9
Sample:N1,Pos:40155	WP_004898281.1	40.000	20	12	0	97	156	25	44	1.8	22.3
Sample:N1,Pos:40155	WP_113886592.1	80.000	10	2	0	91	62	91	100	4.0	21.2
Sample:N1,Pos:40155	WP_113886625.1	34.211	38	21	1	35	148	518	551	5.8	20.8
Sample:N1,Pos:40155	WP_023599365.1	55.556	9	4	0	105	131	217	225	6.8	20.8
Sample:N1,Pos:40155	WP_086874599.1	85.714	7	1	0	122	102	332	338	9.4	20.4
# BLAST processed 1 queries
