# BLASTX 2.4.0+
# Query: Sample:N1,Pos:40170 <unknown description>
# Database: User specified sequence set (Input: lactobacillus_johnsonii_protein.faa)
# Fields: query id, subject id, % identity, alignment length, mismatches, gap opens, q. start, q. end, s. start, s. end, evalue, bit score
# 55 hits found
Sample:N1,Pos:40170	WP_086874545.1	95.833	24	1	0	129	200	18	41	1.27e-11	53.5
Sample:N1,Pos:40170	WP_113886670.1	96.000	25	1	0	2	76	1393	1417	1.75e-11	46.2
Sample:N1,Pos:40170	WP_113886670.1	96.000	25	1	0	2	76	1423	1447	1.75e-11	46.2
Sample:N1,Pos:40170	WP_113886670.1	93.750	16	1	0	81	128	1420	1435	1.75e-11	33.1
Sample:N1,Pos:40170	WP_113886670.1	93.750	16	1	0	81	128	1450	1465	1.75e-11	33.1
Sample:N1,Pos:40170	WP_113886670.1	92.000	25	2	0	2	76	1339	1363	4.59e-11	44.7
Sample:N1,Pos:40170	WP_113886670.1	92.000	25	2	0	2	76	1351	1375	4.59e-11	44.7
Sample:N1,Pos:40170	WP_113886670.1	93.750	16	1	0	81	128	1366	1381	4.59e-11	33.1
Sample:N1,Pos:40170	WP_113886670.1	93.750	16	1	0	81	128	1390	1405	4.59e-11	33.1
Sample:N1,Pos:40170	WP_113886670.1	88.000	25	3	0	2	76	1333	1357	1.25e-10	43.1
Sample:N1,Pos:40170	WP_113886670.1	88.000	25	3	0	2	76	1357	1381	1.25e-10	43.1
Sample:N1,Pos:40170	WP_113886670.1	88.000	25	3	0	2	76	1387	1411	1.25e-10	43.1
Sample:N1,Pos:40170	WP_113886670.1	93.750	16	1	0	81	128	1354	1369	1.25e-10	33.1
Sample:N1,Pos:40170	WP_113886670.1	93.750	16	1	0	81	128	1408	1423	1.25e-10	33.1
Sample:N1,Pos:40170	WP_113886670.1	93.750	16	1	0	81	128	1438	1453	1.25e-10	33.1
Sample:N1,Pos:40170	WP_113886670.1	88.000	25	3	0	2	76	1405	1429	1.55e-10	43.1
Sample:N1,Pos:40170	WP_113886670.1	93.750	16	1	0	81	128	1426	1441	1.55e-10	32.7
Sample:N1,Pos:40170	WP_113886670.1	88.000	25	3	0	2	76	1369	1393	1.92e-10	42.7
Sample:N1,Pos:40170	WP_113886670.1	93.750	16	1	0	81	128	1396	1411	1.92e-10	32.7
Sample:N1,Pos:40170	WP_113886670.1	88.000	25	3	0	2	76	1411	1435	3.53e-10	43.1
Sample:N1,Pos:40170	WP_113886670.1	87.500	16	2	0	81	128	1432	1447	3.53e-10	31.6
Sample:N1,Pos:40170	WP_113886670.1	84.000	25	4	0	2	76	1399	1423	9.61e-10	41.6
Sample:N1,Pos:40170	WP_113886670.1	87.500	16	2	0	81	128	1444	1459	9.61e-10	31.6
Sample:N1,Pos:40170	WP_113886670.1	84.000	25	4	0	2	76	1327	1351	9.69e-10	41.2
Sample:N1,Pos:40170	WP_113886670.1	87.500	16	2	0	81	128	1348	1363	9.69e-10	32.0
Sample:N1,Pos:40170	WP_113886670.1	84.000	25	4	0	2	76	1363	1387	1.20e-09	41.2
Sample:N1,Pos:40170	WP_113886670.1	87.500	16	2	0	81	128	1402	1417	1.20e-09	31.6
Sample:N1,Pos:40170	WP_113886670.1	80.000	25	5	0	2	76	1375	1399	3.13e-09	40.0
Sample:N1,Pos:40170	WP_113886670.1	87.500	16	2	0	81	128	1414	1429	3.13e-09	31.6
Sample:N1,Pos:40170	WP_113886670.1	88.000	25	3	0	2	76	1435	1459	5.24e-09	43.1
Sample:N1,Pos:40170	WP_113886670.1	85.714	14	2	0	81	122	1456	1469	5.24e-09	27.7
Sample:N1,Pos:40170	WP_113886670.1	95.000	20	1	0	17	76	1326	1345	1.15e-08	38.1
Sample:N1,Pos:40170	WP_113886670.1	87.500	16	2	0	81	128	1342	1357	1.15e-08	31.6
Sample:N1,Pos:40170	WP_113886670.1	80.000	25	5	0	2	76	1345	1369	1.22e-08	40.4
Sample:N1,Pos:40170	WP_113886670.1	81.250	16	3	0	81	128	1378	1393	1.22e-08	29.3
Sample:N1,Pos:40170	WP_113886670.1	88.000	25	3	0	2	76	1441	1465	6.56e-08	43.1
Sample:N1,Pos:40170	WP_113886670.1	84.000	25	4	0	2	76	1417	1441	2.22e-07	41.6
Sample:N1,Pos:40170	WP_113886670.1	84.000	25	4	0	2	76	1429	1453	2.22e-07	41.6
Sample:N1,Pos:40170	WP_113886670.1	80.000	25	5	0	2	76	1381	1405	9.31e-07	40.0
Sample:N1,Pos:40170	WP_113886670.1	86.957	23	3	0	2	70	1447	1469	1.08e-06	39.7
Sample:N1,Pos:40170	WP_113886670.1	93.750	16	1	0	81	128	1336	1351	3.97e-06	33.1
Sample:N1,Pos:40170	WP_113886670.1	66.667	21	7	0	14	76	1319	1339	3.97e-06	27.7
Sample:N1,Pos:40170	WP_113886670.1	87.500	16	2	0	81	128	1330	1345	7.87e-04	31.6
Sample:N1,Pos:40170	WP_113886670.1	87.500	16	2	0	81	128	1360	1375	7.87e-04	31.6
Sample:N1,Pos:40170	WP_113886670.1	86.667	15	2	0	84	128	1325	1339	0.005	29.6
Sample:N1,Pos:40170	WP_113886670.1	81.250	16	3	0	81	128	1384	1399	0.005	29.3
Sample:N1,Pos:40170	WP_113886670.1	81.250	16	3	0	81	128	1372	1387	0.007	28.9
Sample:N1,Pos:40170	WP_113886670.1	37.838	37	23	0	2	112	1459	1495	0.73	23.5
Sample:N1,Pos:40170	WP_004898281.1	40.000	20	12	0	82	141	25	44	1.6	22.3
Sample:N1,Pos:40170	WP_113886592.1	80.000	10	2	0	76	47	91	100	4.0	21.2
Sample:N1,Pos:40170	WP_086874714.1	21.053	38	30	0	197	84	288	325	4.9	21.2
Sample:N1,Pos:40170	WP_023599365.1	55.556	9	4	0	90	116	217	225	6.8	20.8
Sample:N1,Pos:40170	WP_086875124.1	38.889	18	11	0	138	191	138	155	7.1	20.8
Sample:N1,Pos:40170	WP_113886625.1	34.211	38	21	1	20	133	518	551	7.4	20.4
Sample:N1,Pos:40170	WP_011161820.1	26.316	19	14	0	126	182	312	330	8.9	20.4
# BLAST processed 1 queries
