# BLASTX 2.4.0+
# Query: Sample:N1,Pos:40191 <unknown description>
# Database: User specified sequence set (Input: lactobacillus_johnsonii_protein.faa)
# Fields: query id, subject id, % identity, alignment length, mismatches, gap opens, q. start, q. end, s. start, s. end, evalue, bit score
# 54 hits found
Sample:N1,Pos:40191	WP_086874545.1	96.774	31	1	0	108	200	18	48	5.51e-17	68.2
Sample:N1,Pos:40191	WP_113886670.1	100.000	18	0	0	2	55	1400	1417	1.59e-09	37.0
Sample:N1,Pos:40191	WP_113886670.1	100.000	18	0	0	2	55	1430	1447	1.59e-09	37.0
Sample:N1,Pos:40191	WP_113886670.1	94.118	17	1	0	57	107	1419	1435	1.59e-09	35.8
Sample:N1,Pos:40191	WP_113886670.1	94.118	17	1	0	57	107	1449	1465	1.59e-09	35.8
Sample:N1,Pos:40191	WP_113886670.1	94.118	17	1	0	57	107	1353	1369	3.79e-09	35.8
Sample:N1,Pos:40191	WP_113886670.1	94.118	17	1	0	57	107	1365	1381	3.79e-09	35.8
Sample:N1,Pos:40191	WP_113886670.1	94.118	17	1	0	57	107	1389	1405	3.79e-09	35.8
Sample:N1,Pos:40191	WP_113886670.1	94.118	17	1	0	57	107	1437	1453	3.79e-09	35.8
Sample:N1,Pos:40191	WP_113886670.1	94.444	18	1	0	2	55	1340	1357	3.79e-09	35.4
Sample:N1,Pos:40191	WP_113886670.1	94.444	18	1	0	2	55	1346	1363	3.79e-09	35.4
Sample:N1,Pos:40191	WP_113886670.1	94.444	18	1	0	2	55	1358	1375	3.79e-09	35.4
Sample:N1,Pos:40191	WP_113886670.1	94.444	18	1	0	2	55	1412	1429	3.79e-09	35.4
Sample:N1,Pos:40191	WP_113886670.1	94.118	17	1	0	57	107	1407	1423	1.11e-08	35.8
Sample:N1,Pos:40191	WP_113886670.1	88.889	18	2	0	2	55	1364	1381	1.11e-08	33.9
Sample:N1,Pos:40191	WP_113886670.1	94.118	17	1	0	57	107	1425	1441	1.32e-08	35.4
Sample:N1,Pos:40191	WP_113886670.1	88.889	18	2	0	2	55	1394	1411	1.32e-08	33.9
Sample:N1,Pos:40191	WP_113886670.1	94.444	18	1	0	2	55	1328	1345	1.37e-08	35.0
Sample:N1,Pos:40191	WP_113886670.1	88.235	17	2	0	57	107	1347	1363	1.37e-08	34.3
Sample:N1,Pos:40191	WP_113886670.1	94.118	17	1	0	57	107	1395	1411	1.69e-08	35.4
Sample:N1,Pos:40191	WP_113886670.1	88.889	18	2	0	2	55	1370	1387	1.69e-08	33.5
Sample:N1,Pos:40191	WP_113886670.1	88.235	17	2	0	57	107	1359	1375	3.13e-08	34.3
Sample:N1,Pos:40191	WP_113886670.1	88.235	17	2	0	57	107	1431	1447	3.13e-08	34.3
Sample:N1,Pos:40191	WP_113886670.1	88.235	17	2	0	57	107	1443	1459	3.13e-08	34.3
Sample:N1,Pos:40191	WP_113886670.1	88.889	18	2	0	2	55	1334	1351	3.13e-08	33.9
Sample:N1,Pos:40191	WP_113886670.1	88.889	18	2	0	2	55	1406	1423	3.13e-08	33.9
Sample:N1,Pos:40191	WP_113886670.1	88.889	18	2	0	2	55	1418	1435	3.13e-08	33.9
Sample:N1,Pos:40191	WP_113886670.1	88.235	17	2	0	57	107	1401	1417	3.99e-08	34.3
Sample:N1,Pos:40191	WP_113886670.1	88.889	18	2	0	2	55	1376	1393	3.99e-08	33.5
Sample:N1,Pos:40191	WP_113886670.1	88.235	17	2	0	57	107	1413	1429	7.47e-08	34.3
Sample:N1,Pos:40191	WP_113886670.1	83.333	18	3	0	2	55	1388	1405	7.47e-08	32.7
Sample:N1,Pos:40191	WP_113886670.1	94.444	18	1	0	2	55	1442	1459	1.55e-07	35.4
Sample:N1,Pos:40191	WP_113886670.1	86.667	15	2	0	57	101	1455	1469	1.55e-07	30.0
Sample:N1,Pos:40191	WP_113886670.1	83.333	18	3	0	2	55	1352	1369	3.63e-07	32.7
Sample:N1,Pos:40191	WP_113886670.1	82.353	17	3	0	57	107	1377	1393	3.63e-07	32.0
Sample:N1,Pos:40191	WP_113886670.1	94.118	17	1	0	57	107	1335	1351	1.84e-06	35.8
Sample:N1,Pos:40191	WP_113886670.1	80.000	15	3	0	11	55	1325	1339	1.84e-06	26.2
Sample:N1,Pos:40191	WP_113886670.1	88.235	17	2	0	57	107	1329	1345	1.02e-04	34.3
Sample:N1,Pos:40191	WP_113886670.1	88.235	17	2	0	57	107	1341	1357	1.02e-04	34.3
Sample:N1,Pos:40191	WP_113886670.1	88.889	18	2	0	2	55	1424	1441	1.19e-04	33.9
Sample:N1,Pos:40191	WP_113886670.1	88.889	18	2	0	2	55	1436	1453	1.19e-04	33.9
Sample:N1,Pos:40191	WP_113886670.1	88.889	18	2	0	2	55	1448	1465	1.19e-04	33.9
Sample:N1,Pos:40191	WP_113886670.1	83.333	18	3	0	2	55	1382	1399	4.66e-04	32.3
Sample:N1,Pos:40191	WP_113886670.1	93.750	16	1	0	2	49	1454	1469	6.03e-04	32.0
Sample:N1,Pos:40191	WP_113886670.1	82.353	17	3	0	57	107	1383	1399	7.13e-04	32.0
Sample:N1,Pos:40191	WP_113886670.1	82.353	17	3	0	57	107	1371	1387	8.86e-04	31.6
Sample:N1,Pos:40191	WP_113886670.1	62.500	24	7	1	36	107	1318	1339	0.004	29.6
Sample:N1,Pos:40191	WP_004895097.1	31.429	35	23	1	87	188	57	91	0.90	23.1
Sample:N1,Pos:40191	WP_014567312.1	72.727	11	3	0	185	153	149	159	0.96	23.1
Sample:N1,Pos:40191	WP_004898281.1	40.000	20	12	0	61	120	25	44	2.2	21.9
Sample:N1,Pos:40191	WP_086874714.1	21.053	38	30	0	176	63	288	325	5.7	20.8
Sample:N1,Pos:40191	WP_003647012.1	63.636	11	4	0	40	8	7	17	6.8	20.8
Sample:N1,Pos:40191	WP_023599365.1	55.556	9	4	0	69	95	217	225	6.8	20.8
Sample:N1,Pos:40191	WP_113886592.1	80.000	10	2	0	55	26	91	100	8.0	20.4
# BLAST processed 1 queries
