# BLASTX 2.4.0+
# Query: Sample:N1,Pos:40173 <unknown description>
# Database: User specified sequence set (Input: lactobacillus_johnsonii_protein.faa)
# Fields: query id, subject id, % identity, alignment length, mismatches, gap opens, q. start, q. end, s. start, s. end, evalue, bit score
# 57 hits found
Sample:N1,Pos:40173	WP_086874545.1	96.000	25	1	0	126	200	18	42	1.58e-12	56.2
Sample:N1,Pos:40173	WP_113886670.1	95.833	24	1	0	2	73	1394	1417	6.99e-11	44.7
Sample:N1,Pos:40173	WP_113886670.1	95.833	24	1	0	2	73	1424	1447	6.99e-11	44.7
Sample:N1,Pos:40173	WP_113886670.1	93.750	16	1	0	78	125	1420	1435	6.99e-11	32.7
Sample:N1,Pos:40173	WP_113886670.1	93.750	16	1	0	78	125	1450	1465	6.99e-11	32.7
Sample:N1,Pos:40173	WP_113886670.1	91.667	24	2	0	2	73	1340	1363	1.83e-10	43.1
Sample:N1,Pos:40173	WP_113886670.1	91.667	24	2	0	2	73	1352	1375	1.83e-10	43.1
Sample:N1,Pos:40173	WP_113886670.1	93.750	16	1	0	78	125	1366	1381	1.83e-10	32.7
Sample:N1,Pos:40173	WP_113886670.1	93.750	16	1	0	78	125	1390	1405	1.83e-10	32.7
Sample:N1,Pos:40173	WP_113886670.1	87.500	24	3	0	2	73	1334	1357	5.00e-10	41.6
Sample:N1,Pos:40173	WP_113886670.1	87.500	24	3	0	2	73	1358	1381	5.00e-10	41.6
Sample:N1,Pos:40173	WP_113886670.1	87.500	24	3	0	2	73	1388	1411	5.00e-10	41.6
Sample:N1,Pos:40173	WP_113886670.1	93.750	16	1	0	78	125	1354	1369	5.00e-10	32.7
Sample:N1,Pos:40173	WP_113886670.1	93.750	16	1	0	78	125	1408	1423	5.00e-10	32.7
Sample:N1,Pos:40173	WP_113886670.1	93.750	16	1	0	78	125	1438	1453	5.00e-10	32.7
Sample:N1,Pos:40173	WP_113886670.1	87.500	24	3	0	2	73	1406	1429	6.21e-10	41.6
Sample:N1,Pos:40173	WP_113886670.1	93.750	16	1	0	78	125	1426	1441	6.21e-10	32.3
Sample:N1,Pos:40173	WP_113886670.1	87.500	24	3	0	2	73	1370	1393	7.61e-10	41.2
Sample:N1,Pos:40173	WP_113886670.1	93.750	16	1	0	78	125	1396	1411	7.61e-10	32.3
Sample:N1,Pos:40173	WP_113886670.1	87.500	24	3	0	2	73	1412	1435	1.43e-09	41.6
Sample:N1,Pos:40173	WP_113886670.1	87.500	16	2	0	78	125	1432	1447	1.43e-09	31.2
Sample:N1,Pos:40173	WP_113886670.1	83.333	24	4	0	2	73	1400	1423	3.89e-09	40.0
Sample:N1,Pos:40173	WP_113886670.1	87.500	16	2	0	78	125	1444	1459	3.89e-09	31.2
Sample:N1,Pos:40173	WP_113886670.1	83.333	24	4	0	2	73	1328	1351	3.89e-09	39.7
Sample:N1,Pos:40173	WP_113886670.1	87.500	16	2	0	78	125	1348	1363	3.89e-09	31.6
Sample:N1,Pos:40173	WP_113886670.1	83.333	24	4	0	2	73	1364	1387	4.76e-09	39.7
Sample:N1,Pos:40173	WP_113886670.1	87.500	16	2	0	78	125	1402	1417	4.76e-09	31.2
Sample:N1,Pos:40173	WP_113886670.1	79.167	24	5	0	2	73	1376	1399	1.24e-08	38.5
Sample:N1,Pos:40173	WP_113886670.1	87.500	16	2	0	78	125	1414	1429	1.24e-08	31.2
Sample:N1,Pos:40173	WP_113886670.1	95.000	20	1	0	14	73	1326	1345	1.58e-08	38.1
Sample:N1,Pos:40173	WP_113886670.1	87.500	16	2	0	78	125	1342	1357	1.58e-08	31.2
Sample:N1,Pos:40173	WP_113886670.1	87.500	24	3	0	2	73	1436	1459	1.98e-08	41.6
Sample:N1,Pos:40173	WP_113886670.1	85.714	14	2	0	78	119	1456	1469	1.98e-08	27.3
Sample:N1,Pos:40173	WP_113886670.1	79.167	24	5	0	2	73	1346	1369	4.36e-08	38.5
Sample:N1,Pos:40173	WP_113886670.1	81.250	16	3	0	78	125	1378	1393	4.36e-08	28.9
Sample:N1,Pos:40173	WP_113886670.1	87.500	24	3	0	2	73	1442	1465	2.45e-07	41.6
Sample:N1,Pos:40173	WP_113886670.1	83.333	24	4	0	2	73	1418	1441	8.27e-07	40.0
Sample:N1,Pos:40173	WP_113886670.1	83.333	24	4	0	2	73	1430	1453	8.27e-07	40.0
Sample:N1,Pos:40173	WP_113886670.1	79.167	24	5	0	2	73	1382	1405	3.41e-06	38.5
Sample:N1,Pos:40173	WP_113886670.1	86.364	22	3	0	2	67	1448	1469	4.15e-06	38.1
Sample:N1,Pos:40173	WP_113886670.1	93.750	16	1	0	78	125	1336	1351	4.69e-06	32.7
Sample:N1,Pos:40173	WP_113886670.1	66.667	21	7	0	11	73	1319	1339	4.69e-06	27.7
Sample:N1,Pos:40173	WP_113886670.1	87.500	16	2	0	78	125	1330	1345	0.001	31.2
Sample:N1,Pos:40173	WP_113886670.1	87.500	16	2	0	78	125	1360	1375	0.001	31.2
Sample:N1,Pos:40173	WP_113886670.1	81.250	16	3	0	78	125	1384	1399	0.007	28.9
Sample:N1,Pos:40173	WP_113886670.1	86.667	15	2	0	81	125	1325	1339	0.007	28.9
Sample:N1,Pos:40173	WP_113886670.1	81.250	16	3	0	78	125	1372	1387	0.009	28.9
Sample:N1,Pos:40173	WP_113886670.1	36.111	36	23	0	2	109	1460	1495	3.2	21.6
Sample:N1,Pos:40173	WP_004898281.1	40.000	20	12	0	79	138	25	44	1.5	22.3
Sample:N1,Pos:40173	WP_086874714.1	21.053	38	30	0	194	81	288	325	3.9	21.2
Sample:N1,Pos:40173	WP_003647012.1	63.636	11	4	0	58	26	7	17	6.2	20.8
Sample:N1,Pos:40173	WP_023599365.1	55.556	9	4	0	87	113	217	225	6.8	20.8
Sample:N1,Pos:40173	WP_113886592.1	80.000	10	2	0	73	44	91	100	6.8	20.8
Sample:N1,Pos:40173	WP_086875124.1	38.889	18	11	0	135	188	138	155	6.8	20.8
Sample:N1,Pos:40173	WP_113886625.1	34.211	38	21	1	17	130	518	551	7.1	20.8
Sample:N1,Pos:40173	WP_011161820.1	26.316	19	14	0	123	179	312	330	7.2	20.4
Sample:N1,Pos:40173	WP_014567312.1	70.000	10	3	0	200	171	150	159	7.9	20.4
# BLAST processed 1 queries
