# BLASTX 2.4.0+
# Query: Sample:N1,Pos:40137 <unknown description>
# Database: User specified sequence set (Input: lactobacillus_johnsonii_protein.faa)
# Fields: query id, subject id, % identity, alignment length, mismatches, gap opens, q. start, q. end, s. start, s. end, evalue, bit score
# 53 hits found
Sample:N1,Pos:40137	WP_113886670.1	94.444	36	2	0	2	109	1412	1447	3.73e-16	62.8
Sample:N1,Pos:40137	WP_113886670.1	93.750	16	1	0	114	161	1450	1465	3.73e-16	32.7
Sample:N1,Pos:40137	WP_113886670.1	94.444	36	2	0	2	109	1382	1417	4.33e-16	62.4
Sample:N1,Pos:40137	WP_113886670.1	93.750	16	1	0	114	161	1420	1435	4.33e-16	32.7
Sample:N1,Pos:40137	WP_113886670.1	91.667	36	3	0	2	109	1340	1375	1.17e-15	60.8
Sample:N1,Pos:40137	WP_113886670.1	93.750	16	1	0	114	161	1390	1405	1.17e-15	32.7
Sample:N1,Pos:40137	WP_113886670.1	88.889	36	4	0	2	109	1346	1381	2.99e-15	59.7
Sample:N1,Pos:40137	WP_113886670.1	88.889	36	4	0	2	109	1388	1423	2.99e-15	59.7
Sample:N1,Pos:40137	WP_113886670.1	93.750	16	1	0	114	161	1408	1423	2.99e-15	32.7
Sample:N1,Pos:40137	WP_113886670.1	93.750	16	1	0	114	161	1438	1453	2.99e-15	32.7
Sample:N1,Pos:40137	WP_113886670.1	88.889	36	4	0	2	109	1394	1429	3.41e-15	59.7
Sample:N1,Pos:40137	WP_113886670.1	93.750	16	1	0	114	161	1426	1441	3.41e-15	32.3
Sample:N1,Pos:40137	WP_113886670.1	88.889	36	4	0	2	109	1352	1387	3.95e-15	59.3
Sample:N1,Pos:40137	WP_113886670.1	93.750	16	1	0	114	161	1396	1411	3.95e-15	32.3
Sample:N1,Pos:40137	WP_113886670.1	88.889	36	4	0	2	109	1328	1363	4.11e-15	59.3
Sample:N1,Pos:40137	WP_113886670.1	93.750	16	1	0	114	161	1366	1381	4.11e-15	32.7
Sample:N1,Pos:40137	WP_113886670.1	88.889	36	4	0	2	109	1358	1393	1.00e-14	59.3
Sample:N1,Pos:40137	WP_113886670.1	87.500	16	2	0	114	161	1402	1417	1.00e-14	30.8
Sample:N1,Pos:40137	WP_113886670.1	86.111	36	5	0	2	109	1400	1435	2.21e-14	58.2
Sample:N1,Pos:40137	WP_113886670.1	86.111	36	5	0	2	109	1406	1441	2.21e-14	58.2
Sample:N1,Pos:40137	WP_113886670.1	87.500	16	2	0	114	161	1432	1447	2.21e-14	30.8
Sample:N1,Pos:40137	WP_113886670.1	87.500	16	2	0	114	161	1444	1459	2.21e-14	30.8
Sample:N1,Pos:40137	WP_113886670.1	86.111	36	5	0	2	109	1376	1411	2.55e-14	58.2
Sample:N1,Pos:40137	WP_113886670.1	87.500	16	2	0	114	161	1414	1429	2.55e-14	30.8
Sample:N1,Pos:40137	WP_113886670.1	88.889	36	4	0	2	109	1424	1459	1.03e-13	59.7
Sample:N1,Pos:40137	WP_113886670.1	86.111	36	5	0	2	109	1418	1453	2.99e-13	58.2
Sample:N1,Pos:40137	WP_113886670.1	85.714	14	2	0	114	155	1456	1469	2.99e-13	26.9
Sample:N1,Pos:40137	WP_113886670.1	83.333	36	6	0	2	109	1334	1369	3.03e-13	56.6
Sample:N1,Pos:40137	WP_113886670.1	81.250	16	3	0	114	161	1378	1393	3.03e-13	28.9
Sample:N1,Pos:40137	WP_113886670.1	86.111	36	5	0	2	109	1430	1465	3.16e-13	58.2
Sample:N1,Pos:40137	WP_113886670.1	84.848	33	5	0	11	109	1325	1357	4.20e-13	52.4
Sample:N1,Pos:40137	WP_113886670.1	93.750	16	1	0	114	161	1354	1369	4.20e-13	32.7
Sample:N1,Pos:40137	WP_113886670.1	83.333	36	6	0	2	109	1364	1399	1.48e-12	56.2
Sample:N1,Pos:40137	WP_113886670.1	83.333	36	6	0	2	109	1370	1405	1.48e-12	56.2
Sample:N1,Pos:40137	WP_113886670.1	88.235	34	4	0	2	103	1436	1469	1.57e-12	56.2
Sample:N1,Pos:40137	WP_113886670.1	74.194	31	8	0	17	109	1321	1351	6.42e-10	42.7
Sample:N1,Pos:40137	WP_113886670.1	87.500	16	2	0	114	161	1348	1363	6.42e-10	31.2
Sample:N1,Pos:40137	WP_113886670.1	50.000	48	24	0	2	145	1448	1495	1.04e-06	39.7
Sample:N1,Pos:40137	WP_113886670.1	93.750	16	1	0	114	161	1336	1351	7.57e-06	32.7
Sample:N1,Pos:40137	WP_113886670.1	66.667	21	7	0	47	109	1319	1339	7.57e-06	27.3
Sample:N1,Pos:40137	WP_113886670.1	87.500	16	2	0	114	161	1330	1345	0.001	30.8
Sample:N1,Pos:40137	WP_113886670.1	87.500	16	2	0	114	161	1342	1357	0.001	30.8
Sample:N1,Pos:40137	WP_113886670.1	87.500	16	2	0	114	161	1360	1375	0.001	30.8
Sample:N1,Pos:40137	WP_113886670.1	86.667	15	2	0	117	161	1325	1339	0.008	28.9
Sample:N1,Pos:40137	WP_113886670.1	81.250	16	3	0	114	161	1384	1399	0.008	28.9
Sample:N1,Pos:40137	WP_113886670.1	81.250	16	3	0	114	161	1372	1387	0.010	28.5
Sample:N1,Pos:40137	WP_086874545.1	92.308	13	1	0	162	200	18	30	0.001	31.2
Sample:N1,Pos:40137	WP_004898281.1	40.000	20	12	0	115	174	25	44	1.8	22.3
Sample:N1,Pos:40137	WP_113886592.1	80.000	10	2	0	109	80	91	100	4.0	21.2
Sample:N1,Pos:40137	WP_113886625.1	34.211	38	21	1	53	166	518	551	4.4	21.2
Sample:N1,Pos:40137	WP_086875080.1	37.037	27	17	0	5	85	70	96	5.9	20.8
Sample:N1,Pos:40137	WP_023599365.1	55.556	9	4	0	123	149	217	225	6.8	20.8
Sample:N1,Pos:40137	WP_086874599.1	85.714	7	1	0	140	120	332	338	8.7	20.4
# BLAST processed 1 queries
