# BLASTX 2.4.0+
# Query: Sample:N1,Pos:40176 <unknown description>
# Database: User specified sequence set (Input: lactobacillus_johnsonii_protein.faa)
# Fields: query id, subject id, % identity, alignment length, mismatches, gap opens, q. start, q. end, s. start, s. end, evalue, bit score
# 58 hits found
Sample:N1,Pos:40176	WP_086874545.1	96.154	26	1	0	123	200	18	43	4.27e-13	57.8
Sample:N1,Pos:40176	WP_113886670.1	95.652	23	1	0	2	70	1395	1417	3.23e-10	42.4
Sample:N1,Pos:40176	WP_113886670.1	95.652	23	1	0	2	70	1425	1447	3.23e-10	42.4
Sample:N1,Pos:40176	WP_113886670.1	93.750	16	1	0	75	122	1420	1435	3.23e-10	32.7
Sample:N1,Pos:40176	WP_113886670.1	93.750	16	1	0	75	122	1450	1465	3.23e-10	32.7
Sample:N1,Pos:40176	WP_113886670.1	91.304	23	2	0	2	70	1335	1357	7.79e-10	40.8
Sample:N1,Pos:40176	WP_113886670.1	91.304	23	2	0	2	70	1341	1363	7.79e-10	40.8
Sample:N1,Pos:40176	WP_113886670.1	91.304	23	2	0	2	70	1353	1375	7.79e-10	40.8
Sample:N1,Pos:40176	WP_113886670.1	91.304	23	2	0	2	70	1407	1429	7.79e-10	40.8
Sample:N1,Pos:40176	WP_113886670.1	93.750	16	1	0	75	122	1354	1369	7.79e-10	32.7
Sample:N1,Pos:40176	WP_113886670.1	93.750	16	1	0	75	122	1366	1381	7.79e-10	32.7
Sample:N1,Pos:40176	WP_113886670.1	93.750	16	1	0	75	122	1390	1405	7.79e-10	32.7
Sample:N1,Pos:40176	WP_113886670.1	93.750	16	1	0	75	122	1438	1453	7.79e-10	32.7
Sample:N1,Pos:40176	WP_113886670.1	86.957	23	3	0	2	70	1359	1381	2.30e-09	39.3
Sample:N1,Pos:40176	WP_113886670.1	93.750	16	1	0	75	122	1408	1423	2.30e-09	32.7
Sample:N1,Pos:40176	WP_113886670.1	86.957	23	3	0	2	70	1389	1411	2.84e-09	39.3
Sample:N1,Pos:40176	WP_113886670.1	93.750	16	1	0	75	122	1426	1441	2.84e-09	32.3
Sample:N1,Pos:40176	WP_113886670.1	86.957	23	3	0	2	70	1365	1387	3.15e-09	39.3
Sample:N1,Pos:40176	WP_113886670.1	93.750	16	1	0	75	122	1396	1411	3.15e-09	32.3
Sample:N1,Pos:40176	WP_113886670.1	86.957	23	3	0	2	70	1329	1351	5.32e-09	39.3
Sample:N1,Pos:40176	WP_113886670.1	87.500	16	2	0	75	122	1348	1363	5.32e-09	31.6
Sample:N1,Pos:40176	WP_113886670.1	86.957	23	3	0	2	70	1401	1423	6.57e-09	39.3
Sample:N1,Pos:40176	WP_113886670.1	86.957	23	3	0	2	70	1413	1435	6.57e-09	39.3
Sample:N1,Pos:40176	WP_113886670.1	87.500	16	2	0	75	122	1432	1447	6.57e-09	31.2
Sample:N1,Pos:40176	WP_113886670.1	87.500	16	2	0	75	122	1444	1459	6.57e-09	31.2
Sample:N1,Pos:40176	WP_113886670.1	86.957	23	3	0	2	70	1371	1393	7.29e-09	39.3
Sample:N1,Pos:40176	WP_113886670.1	87.500	16	2	0	75	122	1402	1417	7.29e-09	31.2
Sample:N1,Pos:40176	WP_113886670.1	82.609	23	4	0	2	70	1377	1399	1.75e-08	37.7
Sample:N1,Pos:40176	WP_113886670.1	87.500	16	2	0	75	122	1414	1429	1.75e-08	31.2
Sample:N1,Pos:40176	WP_113886670.1	95.000	20	1	0	11	70	1326	1345	1.81e-08	37.7
Sample:N1,Pos:40176	WP_113886670.1	87.500	16	2	0	75	122	1342	1357	1.81e-08	31.2
Sample:N1,Pos:40176	WP_113886670.1	91.304	23	2	0	2	70	1437	1459	3.13e-08	40.8
Sample:N1,Pos:40176	WP_113886670.1	85.714	14	2	0	75	116	1456	1469	3.13e-08	27.3
Sample:N1,Pos:40176	WP_113886670.1	82.609	23	4	0	2	70	1347	1369	6.94e-08	38.1
Sample:N1,Pos:40176	WP_113886670.1	81.250	16	3	0	75	122	1378	1393	6.94e-08	28.9
Sample:N1,Pos:40176	WP_113886670.1	86.957	23	3	0	2	70	1419	1441	1.48e-06	39.3
Sample:N1,Pos:40176	WP_113886670.1	86.957	23	3	0	2	70	1431	1453	1.48e-06	39.3
Sample:N1,Pos:40176	WP_113886670.1	86.957	23	3	0	2	70	1443	1465	1.48e-06	39.3
Sample:N1,Pos:40176	WP_113886670.1	93.750	16	1	0	75	122	1336	1351	5.87e-06	32.7
Sample:N1,Pos:40176	WP_113886670.1	66.667	21	7	0	8	70	1319	1339	5.87e-06	27.7
Sample:N1,Pos:40176	WP_113886670.1	90.476	21	2	0	2	64	1449	1469	6.53e-06	37.4
Sample:N1,Pos:40176	WP_113886670.1	78.261	23	5	0	2	70	1383	1405	1.84e-05	36.2
Sample:N1,Pos:40176	WP_113886670.1	87.500	16	2	0	75	122	1330	1345	0.001	31.2
Sample:N1,Pos:40176	WP_113886670.1	87.500	16	2	0	75	122	1360	1375	0.001	31.2
Sample:N1,Pos:40176	WP_113886670.1	86.667	15	2	0	78	122	1325	1339	0.008	28.9
Sample:N1,Pos:40176	WP_113886670.1	81.250	16	3	0	75	122	1384	1399	0.008	28.9
Sample:N1,Pos:40176	WP_113886670.1	81.250	16	3	0	75	122	1372	1387	0.010	28.5
Sample:N1,Pos:40176	WP_113886670.1	37.143	35	22	0	2	106	1461	1495	3.8	21.6
Sample:N1,Pos:40176	WP_014567312.1	72.727	11	3	0	200	168	149	159	0.96	23.1
Sample:N1,Pos:40176	WP_004898281.1	40.000	20	12	0	76	135	25	44	1.4	22.7
Sample:N1,Pos:40176	WP_004895097.1	32.353	34	22	1	102	200	57	90	2.7	21.6
Sample:N1,Pos:40176	WP_086874714.1	21.053	38	30	0	191	78	288	325	4.9	21.2
Sample:N1,Pos:40176	WP_003647012.1	63.636	11	4	0	55	23	7	17	6.2	20.8
Sample:N1,Pos:40176	WP_023599365.1	55.556	9	4	0	84	110	217	225	6.8	20.8
Sample:N1,Pos:40176	WP_113886592.1	80.000	10	2	0	70	41	91	100	6.9	20.4
Sample:N1,Pos:40176	WP_113886625.1	34.211	38	21	1	14	127	518	551	6.9	20.8
Sample:N1,Pos:40176	WP_086875124.1	38.889	18	11	0	132	185	138	155	7.1	20.8
Sample:N1,Pos:40176	WP_011161820.1	26.316	19	14	0	120	176	312	330	7.2	20.4
# BLAST processed 1 queries
