# BLASTX 2.4.0+
# Query: Sample:N3,Pos:5030 <unknown description>
# Database: User specified sequence set (Input: clostridium_sporogenes_protein.faa)
# Fields: query id, subject id, % identity, alignment length, mismatches, gap opens, q. start, q. end, s. start, s. end, evalue, bit score
# 44 hits found
Sample:N3,Pos:5030	WP_003490537.1	41.509	53	31	0	6	164	154	206	1.48e-11	53.1
Sample:N3,Pos:5030	WP_003493156.1	40.351	57	34	0	6	176	158	214	2.01e-10	50.1
Sample:N3,Pos:5030	WP_003490952.1	33.929	56	37	0	6	173	140	195	2.21e-08	43.9
Sample:N3,Pos:5030	WP_003494692.1	35.088	57	37	0	3	173	158	214	3.57e-07	40.8
Sample:N3,Pos:5030	WP_033059235.1	31.579	57	38	1	6	176	156	211	1.79e-05	36.2
Sample:N3,Pos:5030	WP_003491121.1	42.623	61	26	3	6	176	158	213	3.33e-05	35.4
Sample:N3,Pos:5030	WP_040108260.1	27.586	58	41	1	3	176	148	204	5.95e-05	34.7
Sample:N3,Pos:5030	WP_003496432.1	32.759	58	38	1	3	176	154	210	6.81e-05	34.7
Sample:N3,Pos:5030	WP_040108163.1	40.351	57	29	2	6	167	152	206	3.83e-04	32.3
Sample:N3,Pos:5030	WP_040109546.1	37.705	61	29	3	6	176	158	213	5.78e-04	32.0
Sample:N3,Pos:5030	WP_003491106.1	35.088	57	37	0	6	176	157	213	6.83e-04	31.6
Sample:N3,Pos:5030	WP_046869915.1	29.091	55	38	1	12	176	157	210	7.28e-04	31.6
Sample:N3,Pos:5030	WP_040108466.1	32.759	58	38	1	3	176	164	220	0.001	31.2
Sample:N3,Pos:5030	WP_033059479.1	31.148	61	34	2	6	176	479	535	0.001	30.8
Sample:N3,Pos:5030	WP_033059479.1	24.390	41	31	0	6	128	171	211	0.085	25.8
Sample:N3,Pos:5030	WP_033058995.1	36.066	61	31	2	6	176	157	213	0.001	30.8
Sample:N3,Pos:5030	WP_003493029.1	28.571	42	30	0	3	128	169	210	0.002	30.8
Sample:N3,Pos:5030	WP_003490956.1	39.583	48	21	2	6	137	165	208	0.004	29.6
Sample:N3,Pos:5030	WP_040108247.1	28.070	57	41	0	6	176	157	213	0.006	28.9
Sample:N3,Pos:5030	WP_033061250.1	28.889	45	32	0	3	137	169	213	0.007	28.9
Sample:N3,Pos:5030	WP_003494915.1	33.333	60	31	3	9	176	168	222	0.010	28.5
Sample:N3,Pos:5030	WP_003492493.1	34.483	58	35	2	6	176	161	216	0.016	27.7
Sample:N3,Pos:5030	WP_003490356.1	36.667	60	30	2	3	170	161	216	0.026	27.3
Sample:N3,Pos:5030	WP_003492070.1	34.091	44	29	0	6	137	165	208	0.028	27.3
Sample:N3,Pos:5030	WP_040108060.1	28.070	57	38	2	6	176	489	542	0.033	26.9
Sample:N3,Pos:5030	WP_077272573.1	31.148	61	35	3	3	176	157	213	0.043	26.6
Sample:N3,Pos:5030	WP_040109210.1	28.571	56	40	0	3	170	161	216	0.043	26.6
Sample:N3,Pos:5030	WP_040108728.1	39.024	41	19	2	60	173	20	57	0.046	26.6
Sample:N3,Pos:5030	WP_046869768.1	31.818	44	22	2	6	125	126	165	0.052	26.6
Sample:N3,Pos:5030	WP_040108001.1	28.889	45	32	0	6	140	144	188	0.064	26.2
Sample:N3,Pos:5030	WP_004461542.1	35.088	57	35	1	6	176	165	219	0.082	25.8
Sample:N3,Pos:5030	WP_045884812.1	28.070	57	40	1	6	176	160	215	0.28	24.3
Sample:N3,Pos:5030	WP_003493442.1	28.571	56	40	0	3	170	165	220	0.34	24.3
Sample:N3,Pos:5030	WP_003496436.1	81.818	11	2	0	169	201	15	25	0.40	23.9
Sample:N3,Pos:5030	WP_033058457.1	30.909	55	38	0	6	170	164	218	0.56	23.5
Sample:N3,Pos:5030	WP_046869919.1	33.333	42	27	1	6	131	408	448	0.58	23.5
Sample:N3,Pos:5030	WP_080941278.1	40.625	32	12	1	30	104	324	355	0.76	23.1
Sample:N3,Pos:5030	WP_003495458.1	26.316	57	40	1	6	176	489	543	1.3	22.7
Sample:N3,Pos:5030	WP_003483065.1	29.310	58	40	1	3	176	157	213	1.8	22.3
Sample:N3,Pos:5030	WP_003490946.1	44.828	29	15	1	90	176	179	206	3.9	21.2
Sample:N3,Pos:5030	WP_033061228.1	18.868	53	43	0	9	167	172	224	4.4	21.2
Sample:N3,Pos:5030	WP_134789363.1	26.531	49	30	1	3	149	87	129	8.7	20.0
Sample:N3,Pos:5030	WP_033059271.1	38.462	13	8	0	139	101	199	211	9.1	20.4
Sample:N3,Pos:5030	WP_003495527.1	37.037	27	17	0	63	143	532	558	9.5	20.0
# BLAST processed 1 queries
