# BLASTX 2.4.0+
# Query: Sample:N3,Pos:5033 <unknown description>
# Database: User specified sequence set (Input: clostridium_sporogenes_protein.faa)
# Fields: query id, subject id, % identity, alignment length, mismatches, gap opens, q. start, q. end, s. start, s. end, evalue, bit score
# 43 hits found
Sample:N3,Pos:5033	WP_003490537.1	41.509	53	31	0	3	161	154	206	2.08e-11	52.8
Sample:N3,Pos:5033	WP_003493156.1	40.351	57	34	0	3	173	158	214	2.47e-10	50.1
Sample:N3,Pos:5033	WP_003490952.1	33.929	56	37	0	3	170	140	195	2.70e-08	43.9
Sample:N3,Pos:5033	WP_003494692.1	35.714	56	36	0	3	170	159	214	1.89e-06	38.9
Sample:N3,Pos:5033	WP_033059235.1	31.579	57	38	1	3	173	156	211	2.10e-05	35.8
Sample:N3,Pos:5033	WP_003491121.1	42.623	61	26	3	3	173	158	213	3.75e-05	35.0
Sample:N3,Pos:5033	WP_040108260.1	28.070	57	40	1	3	173	149	204	9.75e-05	33.9
Sample:N3,Pos:5033	WP_003496432.1	33.333	57	37	1	3	173	155	210	1.09e-04	33.9
Sample:N3,Pos:5033	WP_040108163.1	40.351	57	29	2	3	164	152	206	3.14e-04	32.7
Sample:N3,Pos:5033	WP_040109546.1	37.705	61	29	3	3	173	158	213	4.98e-04	32.0
Sample:N3,Pos:5033	WP_003491106.1	35.088	57	37	0	3	173	157	213	6.19e-04	32.0
Sample:N3,Pos:5033	WP_046869915.1	29.091	55	38	1	9	173	157	210	6.21e-04	32.0
Sample:N3,Pos:5033	WP_033058995.1	36.066	61	31	2	3	173	157	213	0.002	30.8
Sample:N3,Pos:5033	WP_040108466.1	33.333	57	37	1	3	173	165	220	0.002	30.4
Sample:N3,Pos:5033	WP_033059479.1	31.148	61	34	2	3	173	479	535	0.002	30.4
Sample:N3,Pos:5033	WP_033059479.1	22.807	57	44	0	3	173	171	227	0.098	25.8
Sample:N3,Pos:5033	WP_003490956.1	39.583	48	21	2	3	134	165	208	0.004	29.6
Sample:N3,Pos:5033	WP_040108247.1	28.070	57	41	0	3	173	157	213	0.006	28.9
Sample:N3,Pos:5033	WP_003493029.1	27.500	40	29	0	6	125	171	210	0.006	28.9
Sample:N3,Pos:5033	WP_033061250.1	29.545	44	31	0	3	134	170	213	0.008	28.9
Sample:N3,Pos:5033	WP_003494915.1	33.333	60	31	3	6	173	168	222	0.011	28.5
Sample:N3,Pos:5033	WP_003492070.1	34.091	44	29	0	3	134	165	208	0.027	27.3
Sample:N3,Pos:5033	WP_003490356.1	37.288	59	29	2	3	167	162	216	0.029	26.9
Sample:N3,Pos:5033	WP_040108728.1	39.024	41	19	2	57	170	20	57	0.045	26.6
Sample:N3,Pos:5033	WP_046869768.1	31.818	44	22	2	3	122	126	165	0.049	26.6
Sample:N3,Pos:5033	WP_040109210.1	29.091	55	39	0	3	167	162	216	0.049	26.6
Sample:N3,Pos:5033	WP_040108001.1	28.889	45	32	0	3	137	144	188	0.051	26.6
Sample:N3,Pos:5033	WP_040108060.1	28.070	57	38	2	3	173	489	542	0.054	26.6
Sample:N3,Pos:5033	WP_077272573.1	31.667	60	34	3	3	173	158	213	0.079	25.8
Sample:N3,Pos:5033	WP_003492493.1	34.483	58	35	2	3	173	161	216	0.097	25.8
Sample:N3,Pos:5033	WP_003496436.1	83.333	12	2	0	166	201	15	26	0.12	25.4
Sample:N3,Pos:5033	WP_004461542.1	35.088	57	35	1	3	173	165	219	0.12	25.4
Sample:N3,Pos:5033	WP_045884812.1	28.070	57	40	1	3	173	160	215	0.37	23.9
Sample:N3,Pos:5033	WP_003493442.1	29.091	55	39	0	3	167	166	220	0.42	23.9
Sample:N3,Pos:5033	WP_080941278.1	40.625	32	12	1	27	101	324	355	0.45	23.9
Sample:N3,Pos:5033	WP_033058457.1	30.909	55	38	0	3	167	164	218	0.48	23.9
Sample:N3,Pos:5033	WP_046869919.1	33.333	42	27	1	3	128	408	448	0.51	23.9
Sample:N3,Pos:5033	WP_003495458.1	26.316	57	40	1	3	173	489	543	1.2	22.7
Sample:N3,Pos:5033	WP_003483065.1	29.825	57	39	1	3	173	158	213	2.1	21.9
Sample:N3,Pos:5033	WP_003490946.1	44.828	29	15	1	87	173	179	206	4.3	21.2
Sample:N3,Pos:5033	WP_033061228.1	18.868	53	43	0	6	164	172	224	4.9	20.8
Sample:N3,Pos:5033	WP_033059271.1	38.462	13	8	0	136	98	199	211	9.1	20.4
Sample:N3,Pos:5033	WP_052691686.1	53.333	15	6	1	105	146	326	340	9.5	20.0
# BLAST processed 1 queries
