# BLASTX 2.4.0+
# Query: Sample:N1,Pos:40124 <unknown description>
# Database: User specified sequence set (Input: lactobacillus_johnsonii_protein.faa)
# Fields: query id, subject id, % identity, alignment length, mismatches, gap opens, q. start, q. end, s. start, s. end, evalue, bit score
# 50 hits found
Sample:N1,Pos:40124	WP_113886670.1	95.000	40	2	0	3	122	1408	1447	6.75e-18	68.9
Sample:N1,Pos:40124	WP_113886670.1	93.750	16	1	0	127	174	1450	1465	6.75e-18	32.0
Sample:N1,Pos:40124	WP_113886670.1	95.000	40	2	0	3	122	1378	1417	7.76e-18	68.9
Sample:N1,Pos:40124	WP_113886670.1	93.750	16	1	0	127	174	1420	1435	7.76e-18	32.0
Sample:N1,Pos:40124	WP_113886670.1	92.500	40	3	0	3	122	1336	1375	2.14e-17	67.4
Sample:N1,Pos:40124	WP_113886670.1	93.750	16	1	0	127	174	1390	1405	2.14e-17	32.0
Sample:N1,Pos:40124	WP_113886670.1	90.000	40	4	0	3	122	1342	1381	5.52e-17	65.9
Sample:N1,Pos:40124	WP_113886670.1	90.000	40	4	0	3	122	1390	1429	5.52e-17	65.9
Sample:N1,Pos:40124	WP_113886670.1	93.750	16	1	0	127	174	1408	1423	5.52e-17	32.0
Sample:N1,Pos:40124	WP_113886670.1	93.750	16	1	0	127	174	1438	1453	5.52e-17	32.0
Sample:N1,Pos:40124	WP_113886670.1	90.000	40	4	0	3	122	1348	1387	7.11e-17	65.9
Sample:N1,Pos:40124	WP_113886670.1	90.000	40	4	0	3	122	1354	1393	7.11e-17	65.9
Sample:N1,Pos:40124	WP_113886670.1	93.750	16	1	0	127	174	1396	1411	7.11e-17	32.0
Sample:N1,Pos:40124	WP_113886670.1	93.750	16	1	0	127	174	1426	1441	7.11e-17	32.0
Sample:N1,Pos:40124	WP_113886670.1	87.500	40	5	0	3	122	1396	1435	4.09e-16	64.7
Sample:N1,Pos:40124	WP_113886670.1	87.500	40	5	0	3	122	1402	1441	4.09e-16	64.7
Sample:N1,Pos:40124	WP_113886670.1	87.500	16	2	0	127	174	1432	1447	4.09e-16	30.4
Sample:N1,Pos:40124	WP_113886670.1	87.500	16	2	0	127	174	1444	1459	4.09e-16	30.4
Sample:N1,Pos:40124	WP_113886670.1	85.000	40	6	0	3	122	1330	1369	4.51e-16	62.8
Sample:N1,Pos:40124	WP_113886670.1	93.750	16	1	0	127	174	1366	1381	4.51e-16	32.0
Sample:N1,Pos:40124	WP_113886670.1	87.500	40	5	0	3	122	1372	1411	4.69e-16	64.3
Sample:N1,Pos:40124	WP_113886670.1	87.500	16	2	0	127	174	1414	1429	4.69e-16	30.4
Sample:N1,Pos:40124	WP_113886670.1	90.000	40	4	0	3	122	1420	1459	5.67e-16	65.9
Sample:N1,Pos:40124	WP_113886670.1	85.000	40	6	0	3	122	1360	1399	1.48e-15	62.8
Sample:N1,Pos:40124	WP_113886670.1	87.500	16	2	0	127	174	1402	1417	1.48e-15	30.4
Sample:N1,Pos:40124	WP_113886670.1	87.500	40	5	0	3	122	1414	1453	1.76e-15	64.7
Sample:N1,Pos:40124	WP_113886670.1	87.500	40	5	0	3	122	1426	1465	1.76e-15	64.7
Sample:N1,Pos:40124	WP_113886670.1	87.179	39	5	0	6	122	1325	1363	1.80e-15	62.4
Sample:N1,Pos:40124	WP_113886670.1	87.500	16	2	0	127	174	1360	1375	1.80e-15	30.4
Sample:N1,Pos:40124	WP_113886670.1	87.500	40	5	0	3	122	1384	1423	2.08e-15	64.3
Sample:N1,Pos:40124	WP_113886670.1	85.000	40	6	0	3	122	1366	1405	8.24e-15	62.8
Sample:N1,Pos:40124	WP_113886670.1	89.474	38	4	0	3	116	1432	1469	8.57e-15	62.8
Sample:N1,Pos:40124	WP_113886670.1	78.378	37	8	0	12	122	1321	1357	4.03e-13	52.8
Sample:N1,Pos:40124	WP_113886670.1	93.750	16	1	0	127	174	1354	1369	4.03e-13	32.0
Sample:N1,Pos:40124	WP_113886670.1	53.846	52	24	0	3	158	1444	1495	5.64e-09	46.2
Sample:N1,Pos:40124	WP_113886670.1	93.750	16	1	0	127	174	1336	1351	1.20e-05	32.0
Sample:N1,Pos:40124	WP_113886670.1	66.667	21	7	0	60	122	1319	1339	1.20e-05	27.3
Sample:N1,Pos:40124	WP_113886670.1	87.500	16	2	0	127	174	1348	1363	0.002	30.8
Sample:N1,Pos:40124	WP_113886670.1	87.500	16	2	0	127	174	1330	1345	0.002	30.4
Sample:N1,Pos:40124	WP_113886670.1	87.500	16	2	0	127	174	1342	1357	0.002	30.4
Sample:N1,Pos:40124	WP_113886670.1	86.667	15	2	0	130	174	1325	1339	0.012	28.5
Sample:N1,Pos:40124	WP_113886670.1	81.250	16	3	0	127	174	1378	1393	0.012	28.5
Sample:N1,Pos:40124	WP_113886670.1	81.250	16	3	0	127	174	1384	1399	0.012	28.5
Sample:N1,Pos:40124	WP_113886670.1	81.250	16	3	0	127	174	1372	1387	0.014	28.1
Sample:N1,Pos:40124	WP_113886670.1	85.714	14	2	0	127	168	1456	1469	0.048	26.6
Sample:N1,Pos:40124	WP_086874545.1	100.000	9	0	0	175	201	18	26	0.21	25.0
Sample:N1,Pos:40124	WP_004898281.1	40.000	20	12	0	128	187	25	44	2.1	21.9
Sample:N1,Pos:40124	WP_113886625.1	34.211	38	21	1	66	179	518	551	3.8	21.6
Sample:N1,Pos:40124	WP_086875080.1	37.037	27	17	0	18	98	70	96	5.6	20.8
Sample:N1,Pos:40124	WP_023599365.1	55.556	9	4	0	136	162	217	225	7.0	20.8
# BLAST processed 1 queries
