# BLASTX 2.4.0+
# Query: Sample:REF,Pos:4566 <unknown description>
# Database: User specified sequence set (Input: clostridium_sporogenes_protein.faa)
# Fields: query id, subject id, % identity, alignment length, mismatches, gap opens, q. start, q. end, s. start, s. end, evalue, bit score
# 55 hits found
Sample:REF,Pos:4566	WP_003496522.1	72.222	54	14	1	2	163	28	80	6.28e-21	74.3
Sample:REF,Pos:4566	WP_033061250.1	39.344	61	34	1	17	199	6	63	4.13e-07	40.8
Sample:REF,Pos:4566	WP_004461542.1	55.172	29	13	0	101	187	21	49	2.36e-06	38.5
Sample:REF,Pos:4566	WP_003490952.1	48.837	43	17	1	86	199	8	50	3.99e-06	37.7
Sample:REF,Pos:4566	WP_003492950.1	33.962	53	32	1	32	190	1	50	7.13e-06	37.4
Sample:REF,Pos:4566	WP_003490537.1	45.455	33	18	0	92	190	21	53	1.52e-05	36.2
Sample:REF,Pos:4566	WP_003490956.1	51.515	33	16	0	101	199	26	58	2.70e-05	35.4
Sample:REF,Pos:4566	WP_003491121.1	48.485	33	17	0	101	199	24	56	3.13e-05	35.4
Sample:REF,Pos:4566	WP_052691695.1	47.059	34	17	1	101	199	358	391	3.36e-05	35.4
Sample:REF,Pos:4566	WP_052691695.1	34.375	32	21	0	26	121	266	297	8.9	20.4
Sample:REF,Pos:4566	WP_003491790.1	40.909	44	25	1	68	199	13	55	4.70e-05	35.0
Sample:REF,Pos:4566	WP_003493359.1	34.783	46	30	0	44	181	1	46	5.69e-05	34.7
Sample:REF,Pos:4566	WP_077272573.1	44.444	36	20	0	92	199	16	51	6.05e-05	34.7
Sample:REF,Pos:4566	WP_003494611.1	40.541	37	22	0	89	199	21	57	6.49e-05	34.7
Sample:REF,Pos:4566	WP_040109546.1	47.059	34	18	0	98	199	23	56	1.17e-04	33.9
Sample:REF,Pos:4566	WP_003493351.1	34.043	47	29	1	56	190	4	50	1.25e-04	33.9
Sample:REF,Pos:4566	WP_040108298.1	35.185	54	23	2	17	178	4	45	1.31e-04	33.9
Sample:REF,Pos:4566	WP_040108298.1	37.500	32	20	0	92	187	266	297	0.089	25.8
Sample:REF,Pos:4566	WP_003493156.1	45.161	31	17	0	98	190	24	54	2.23e-04	33.1
Sample:REF,Pos:4566	WP_033058995.1	45.455	33	18	0	101	199	19	51	2.54e-04	32.7
Sample:REF,Pos:4566	WP_003492465.1	37.209	43	27	0	53	181	4	46	4.75e-04	32.0
Sample:REF,Pos:4566	WP_046869919.1	43.750	32	18	0	101	196	21	52	6.59e-04	32.0
Sample:REF,Pos:4566	WP_040108247.1	32.000	50	32	1	44	187	1	50	8.14e-04	31.6
Sample:REF,Pos:4566	WP_040109210.1	42.424	33	19	0	101	199	25	57	0.001	31.2
Sample:REF,Pos:4566	WP_003490356.1	41.176	34	20	0	98	199	24	57	0.001	31.2
Sample:REF,Pos:4566	WP_003493442.1	38.235	34	21	0	98	199	26	59	0.002	30.8
Sample:REF,Pos:4566	WP_003494915.1	32.692	52	34	1	44	196	10	61	0.002	30.8
Sample:REF,Pos:4566	WP_046869879.1	39.474	38	18	1	65	178	22	54	0.002	29.6
Sample:REF,Pos:4566	WP_045884812.1	34.146	41	25	1	83	199	11	51	0.002	30.0
Sample:REF,Pos:4566	WP_003492493.1	39.474	38	23	0	86	199	18	55	0.003	29.6
Sample:REF,Pos:4566	WP_003496432.1	39.394	33	20	0	98	196	19	51	0.005	29.3
Sample:REF,Pos:4566	WP_040108466.1	34.884	43	27	1	71	199	17	58	0.005	29.3
Sample:REF,Pos:4566	WP_033058457.1	40.625	32	19	0	104	199	26	57	0.007	28.9
Sample:REF,Pos:4566	WP_033059225.1	35.294	34	22	0	98	199	26	59	0.007	28.9
Sample:REF,Pos:4566	WP_040108001.1	41.176	34	19	1	98	196	20	53	0.008	28.9
Sample:REF,Pos:4566	WP_033061228.1	34.146	41	26	1	65	187	18	57	0.009	28.5
Sample:REF,Pos:4566	WP_003492070.1	37.500	32	20	0	104	199	27	58	0.021	27.3
Sample:REF,Pos:4566	WP_003494485.1	33.333	30	20	0	98	187	18	47	0.068	26.2
Sample:REF,Pos:4566	WP_046869915.1	37.931	29	18	0	101	187	21	49	0.080	25.8
Sample:REF,Pos:4566	WP_003493221.1	33.333	45	26	1	56	178	130	174	0.095	25.8
Sample:REF,Pos:4566	WP_003494692.1	34.483	29	19	0	101	187	20	48	0.19	24.6
Sample:REF,Pos:4566	WP_080941281.1	35.417	48	30	1	47	187	819	866	0.30	24.3
Sample:REF,Pos:4566	WP_003358207.1	45.833	24	13	0	128	199	4	27	0.33	24.3
Sample:REF,Pos:4566	WP_003491106.1	33.333	33	22	0	101	199	19	51	0.38	23.9
Sample:REF,Pos:4566	WP_052691613.1	27.273	55	27	2	32	157	282	336	1.4	22.3
Sample:REF,Pos:4566	WP_046869768.1	64.286	14	5	0	143	184	1	14	1.6	22.3
Sample:REF,Pos:4566	WP_003496360.1	50.000	16	8	0	134	181	140	155	1.8	21.9
Sample:REF,Pos:4566	WP_003491322.1	40.741	27	14	1	95	175	125	149	2.0	21.9
Sample:REF,Pos:4566	WP_040108260.1	35.556	45	27	1	53	181	2	46	2.1	21.9
Sample:REF,Pos:4566	WP_040109101.1	27.586	29	21	0	101	187	20	48	2.5	21.6
Sample:REF,Pos:4566	WP_046870095.1	34.483	29	18	1	86	172	17	44	3.7	21.2
Sample:REF,Pos:4566	WP_003490996.1	37.037	27	11	1	91	11	191	211	4.1	21.2
Sample:REF,Pos:4566	WP_003490946.1	50.000	16	8	0	131	178	30	45	5.0	20.8
Sample:REF,Pos:4566	WP_040109418.1	37.500	24	14	1	116	187	1	23	6.0	20.8
Sample:REF,Pos:4566	WP_003494252.1	66.667	12	4	0	91	56	140	151	6.4	20.8
# BLAST processed 1 queries
