# BLASTX 2.4.0+
# Query: Sample:REF,Pos:4676 <unknown description>
# Database: User specified sequence set (Input: clostridium_sporogenes_protein.faa)
# Fields: query id, subject id, % identity, alignment length, mismatches, gap opens, q. start, q. end, s. start, s. end, evalue, bit score
# 62 hits found
Sample:REF,Pos:4676	WP_033061250.1	38.667	75	36	1	6	200	36	110	6.89e-12	53.9
Sample:REF,Pos:4676	WP_003490537.1	38.235	68	39	2	3	200	28	94	7.58e-12	53.9
Sample:REF,Pos:4676	WP_003490952.1	42.424	66	32	1	3	200	22	81	8.38e-10	47.8
Sample:REF,Pos:4676	WP_004461542.1	41.667	72	31	3	3	185	25	96	1.45e-09	47.8
Sample:REF,Pos:4676	WP_003494611.1	35.526	76	39	2	3	200	29	104	5.71e-09	45.8
Sample:REF,Pos:4676	WP_003490356.1	37.333	75	37	1	6	200	30	104	1.03e-08	45.1
Sample:REF,Pos:4676	WP_003493156.1	40.278	72	37	2	3	200	27	98	1.58e-08	44.7
Sample:REF,Pos:4676	WP_040109210.1	39.474	76	36	3	3	200	29	104	3.47e-08	43.5
Sample:REF,Pos:4676	WP_077272573.1	35.714	70	32	2	6	182	24	91	9.47e-08	42.4
Sample:REF,Pos:4676	WP_003490956.1	39.726	73	30	2	18	200	35	105	2.63e-07	41.2
Sample:REF,Pos:4676	WP_003483065.1	35.135	74	39	1	6	200	25	98	3.53e-07	40.8
Sample:REF,Pos:4676	WP_003491121.1	34.615	78	37	2	3	200	28	103	8.71e-07	39.7
Sample:REF,Pos:4676	WP_003493442.1	29.870	77	40	2	6	200	32	106	4.13e-06	37.7
Sample:REF,Pos:4676	WP_040109546.1	33.750	80	33	2	6	200	29	103	4.79e-06	37.7
Sample:REF,Pos:4676	WP_040108466.1	32.000	75	41	2	6	200	31	105	4.93e-06	37.7
Sample:REF,Pos:4676	WP_003494485.1	38.571	70	39	3	3	200	23	92	5.48e-06	37.7
Sample:REF,Pos:4676	WP_003492070.1	33.333	75	40	2	6	200	31	105	8.31e-06	37.0
Sample:REF,Pos:4676	WP_033058457.1	34.328	67	34	1	30	200	38	104	1.16e-05	36.6
Sample:REF,Pos:4676	WP_052691695.1	40.476	42	25	0	6	131	363	404	1.28e-05	36.6
Sample:REF,Pos:4676	WP_003492493.1	32.877	73	35	2	6	188	28	98	2.09e-05	35.8
Sample:REF,Pos:4676	WP_003491790.1	32.877	73	39	2	6	194	28	100	2.73e-05	35.4
Sample:REF,Pos:4676	WP_003494915.1	31.250	64	31	2	3	164	34	94	1.42e-04	33.5
Sample:REF,Pos:4676	WP_033058995.1	28.767	73	43	1	3	194	23	95	2.67e-04	32.7
Sample:REF,Pos:4676	WP_033059225.1	27.941	68	39	1	27	200	39	106	2.90e-04	32.7
Sample:REF,Pos:4676	WP_040108298.1	36.111	36	22	1	6	110	25	60	4.57e-04	32.3
Sample:REF,Pos:4676	WP_040108298.1	33.333	60	34	2	3	164	273	332	0.021	27.7
Sample:REF,Pos:4676	WP_040108163.1	30.769	65	39	1	3	179	23	87	4.86e-04	32.0
Sample:REF,Pos:4676	WP_003492950.1	35.417	48	15	1	18	161	30	61	5.14e-04	32.0
Sample:REF,Pos:4676	WP_003493351.1	42.424	33	19	0	18	116	30	62	5.82e-04	32.0
Sample:REF,Pos:4676	WP_045884812.1	33.333	36	24	0	6	113	24	59	7.96e-04	31.6
Sample:REF,Pos:4676	WP_046869915.1	37.838	37	23	0	6	116	26	62	0.001	31.2
Sample:REF,Pos:4676	WP_003496432.1	33.333	69	40	2	12	200	27	95	0.001	30.8
Sample:REF,Pos:4676	WP_033061228.1	51.724	29	14	0	30	116	42	70	0.001	30.8
Sample:REF,Pos:4676	WP_003493359.1	33.333	54	35	1	6	167	25	77	0.002	30.0
Sample:REF,Pos:4676	WP_046869879.1	57.143	21	9	0	6	68	34	54	0.003	29.3
Sample:REF,Pos:4676	WP_046869919.1	50.000	24	12	0	6	77	26	49	0.006	29.3
Sample:REF,Pos:4676	WP_046869919.1	40.741	27	16	0	30	110	294	320	0.92	23.1
Sample:REF,Pos:4676	WP_003491106.1	36.364	66	33	2	30	200	32	97	0.006	28.9
Sample:REF,Pos:4676	WP_040108260.1	35.294	51	32	1	30	179	33	83	0.011	28.5
Sample:REF,Pos:4676	WP_040108001.1	43.137	51	21	3	30	179	34	77	0.012	28.1
Sample:REF,Pos:4676	WP_040108247.1	28.169	71	46	1	3	200	26	96	0.014	28.1
Sample:REF,Pos:4676	WP_003492465.1	47.826	23	12	0	3	71	24	46	0.019	27.7
Sample:REF,Pos:4676	WP_040109198.1	28.767	73	45	2	3	200	28	100	0.025	27.3
Sample:REF,Pos:4676	WP_046869768.1	24.242	66	40	1	33	200	1	66	0.028	27.3
Sample:REF,Pos:4676	WP_040109101.1	29.091	55	39	0	30	194	33	87	0.033	26.9
Sample:REF,Pos:4676	WP_134789435.1	37.931	29	18	0	33	119	37	65	0.14	25.4
Sample:REF,Pos:4676	WP_046870095.1	26.761	71	47	1	3	200	25	95	0.28	24.3
Sample:REF,Pos:4676	WP_003495255.1	31.915	47	30	1	6	146	72	116	0.29	24.3
Sample:REF,Pos:4676	WP_033058702.1	27.419	62	40	1	30	200	34	95	0.33	24.3
Sample:REF,Pos:4676	WP_003358207.1	45.833	24	13	0	18	89	4	27	0.34	23.9
Sample:REF,Pos:4676	WP_003493221.1	52.381	21	9	1	6	68	155	174	0.78	23.1
Sample:REF,Pos:4676	WP_003496360.1	50.000	16	8	0	24	71	140	155	0.94	23.1
Sample:REF,Pos:4676	WP_003494692.1	30.556	36	25	0	3	110	24	59	1.2	22.7
Sample:REF,Pos:4676	WP_003490946.1	61.538	13	5	0	30	68	33	45	1.4	22.3
Sample:REF,Pos:4676	WP_080941281.1	30.645	62	27	2	3	140	833	894	1.9	21.9
Sample:REF,Pos:4676	WP_040109418.1	37.500	24	14	1	6	77	1	23	4.6	21.2
Sample:REF,Pos:4676	WP_046869916.1	33.333	33	20	1	21	119	248	278	5.2	20.8
Sample:REF,Pos:4676	WP_040108469.1	40.000	30	15	1	194	105	209	235	6.4	20.8
Sample:REF,Pos:4676	WP_003491201.1	40.741	27	16	0	66	146	1	27	6.4	20.4
Sample:REF,Pos:4676	WP_077272623.1	39.130	23	13	1	84	152	24	45	7.9	20.0
Sample:REF,Pos:4676	WP_003492617.1	27.273	33	22	1	45	143	283	313	8.5	20.4
Sample:REF,Pos:4676	WP_003494971.1	54.545	11	5	0	149	181	360	370	9.6	20.0
# BLAST processed 1 queries
