# BLASTX 2.4.0+
# Query: Sample:REF,Pos:4832 <unknown description>
# Database: User specified sequence set (Input: clostridium_sporogenes_protein.faa)
# Fields: query id, subject id, % identity, alignment length, mismatches, gap opens, q. start, q. end, s. start, s. end, evalue, bit score
# 44 hits found
Sample:REF,Pos:4832	WP_003490952.1	42.857	70	35	1	3	197	68	137	1.69e-13	57.8
Sample:REF,Pos:4832	WP_003490537.1	40.278	72	37	1	3	200	81	152	4.43e-12	54.7
Sample:REF,Pos:4832	WP_003493156.1	37.500	72	39	2	3	200	85	156	9.08e-10	48.1
Sample:REF,Pos:4832	WP_003483065.1	38.889	72	38	2	3	200	85	156	1.86e-09	47.4
Sample:REF,Pos:4832	WP_003492070.1	40.278	72	37	2	3	200	92	163	5.61e-09	45.8
Sample:REF,Pos:4832	WP_040109210.1	40.000	70	38	2	3	200	91	160	3.24e-08	43.9
Sample:REF,Pos:4832	WP_003494611.1	41.429	70	37	2	3	200	91	160	3.96e-08	43.5
Sample:REF,Pos:4832	WP_003490356.1	35.714	70	41	1	3	200	91	160	1.86e-07	41.6
Sample:REF,Pos:4832	WP_077272573.1	36.986	73	39	2	3	200	84	156	2.36e-07	41.2
Sample:REF,Pos:4832	WP_033058995.1	41.667	72	36	2	3	200	84	155	5.85e-07	40.4
Sample:REF,Pos:4832	WP_045884812.1	54.286	35	16	0	96	200	124	158	7.44e-07	40.0
Sample:REF,Pos:4832	WP_040109546.1	38.235	68	39	2	3	200	90	156	8.97e-07	39.7
Sample:REF,Pos:4832	WP_003491106.1	36.986	73	38	3	3	200	84	155	1.64e-06	38.9
Sample:REF,Pos:4832	WP_033058457.1	36.986	73	38	3	3	200	91	162	2.52e-06	38.5
Sample:REF,Pos:4832	WP_040108466.1	34.722	72	41	2	3	200	92	163	4.98e-06	37.7
Sample:REF,Pos:4832	WP_033059479.1	35.526	76	39	3	3	200	94	169	1.10e-05	37.0
Sample:REF,Pos:4832	WP_033059479.1	40.541	37	22	0	90	200	441	477	0.010	28.5
Sample:REF,Pos:4832	WP_003490956.1	45.714	35	19	0	96	200	129	163	5.95e-05	34.7
Sample:REF,Pos:4832	WP_033061228.1	36.735	49	30	1	57	200	121	169	9.49e-05	34.3
Sample:REF,Pos:4832	WP_003491790.1	30.556	72	44	2	3	200	89	160	9.66e-05	33.9
Sample:REF,Pos:4832	WP_003493442.1	31.944	72	43	3	3	200	93	164	7.47e-04	31.6
Sample:REF,Pos:4832	WP_046869768.1	33.333	69	40	3	3	191	53	121	7.76e-04	31.6
Sample:REF,Pos:4832	WP_040109191.1	35.294	68	30	3	36	200	438	504	0.001	30.8
Sample:REF,Pos:4832	WP_033059225.1	28.767	73	44	2	3	200	93	164	0.001	30.8
Sample:REF,Pos:4832	WP_040108001.1	31.915	47	32	0	60	200	96	142	0.003	30.0
Sample:REF,Pos:4832	WP_003493029.1	31.343	67	40	1	18	200	102	168	0.003	30.0
Sample:REF,Pos:4832	WP_040109101.1	35.556	45	29	0	63	197	112	156	0.005	29.3
Sample:REF,Pos:4832	WP_033061250.1	40.000	75	33	4	3	200	97	168	0.008	28.5
Sample:REF,Pos:4832	WP_003493351.1	39.130	46	28	0	60	197	112	157	0.022	27.3
Sample:REF,Pos:4832	WP_004461542.1	60.000	20	8	0	141	200	144	163	0.027	27.3
Sample:REF,Pos:4832	WP_003492493.1	32.394	71	43	1	3	200	89	159	0.039	26.9
Sample:REF,Pos:4832	WP_003494915.1	54.545	22	10	0	135	200	144	165	0.067	26.2
Sample:REF,Pos:4832	WP_046869919.1	30.189	53	36	1	42	200	109	160	0.37	24.3
Sample:REF,Pos:4832	WP_003492950.1	32.609	46	31	0	60	197	112	157	0.59	23.5
Sample:REF,Pos:4832	WP_003491615.1	42.105	38	20	1	15	122	84	121	0.93	23.1
Sample:REF,Pos:4832	WP_003490201.1	42.857	35	20	0	112	8	43	77	3.4	21.6
Sample:REF,Pos:4832	WP_033060878.1	28.205	39	28	0	127	11	153	191	4.5	21.2
Sample:REF,Pos:4832	WP_030035449.1	50.000	16	8	0	129	176	148	163	5.8	20.8
Sample:REF,Pos:4832	WP_040108260.1	27.778	36	26	0	90	197	111	146	5.9	20.8
Sample:REF,Pos:4832	WP_003486039.1	30.769	26	18	0	60	137	1	26	7.6	20.4
Sample:REF,Pos:4832	WP_003496301.1	60.000	10	4	0	54	83	98	107	7.8	20.4
Sample:REF,Pos:4832	WP_003491542.1	41.667	12	7	0	101	136	246	257	9.1	20.0
Sample:REF,Pos:4832	WP_003493575.1	47.059	17	9	0	159	109	13	29	9.2	20.0
Sample:REF,Pos:4832	WP_003494103.1	29.412	17	12	0	121	171	26	42	9.3	19.6
# BLAST processed 1 queries
