# BLASTX 2.4.0+
# Query: Sample:N1,Pos:40139 <unknown description>
# Database: User specified sequence set (Input: lactobacillus_johnsonii_protein.faa)
# Fields: query id, subject id, % identity, alignment length, mismatches, gap opens, q. start, q. end, s. start, s. end, evalue, bit score
# 53 hits found
Sample:N1,Pos:40139	WP_113886670.1	94.286	35	2	0	3	107	1413	1447	1.42e-15	60.5
Sample:N1,Pos:40139	WP_113886670.1	93.750	16	1	0	112	159	1450	1465	1.42e-15	32.7
Sample:N1,Pos:40139	WP_113886670.1	94.286	35	2	0	3	107	1383	1417	1.55e-15	60.5
Sample:N1,Pos:40139	WP_113886670.1	93.750	16	1	0	112	159	1420	1435	1.55e-15	32.7
Sample:N1,Pos:40139	WP_113886670.1	91.429	35	3	0	3	107	1329	1363	4.18e-15	58.9
Sample:N1,Pos:40139	WP_113886670.1	91.429	35	3	0	3	107	1341	1375	4.18e-15	58.9
Sample:N1,Pos:40139	WP_113886670.1	91.429	35	3	0	3	107	1347	1381	4.18e-15	58.9
Sample:N1,Pos:40139	WP_113886670.1	93.750	16	1	0	112	159	1366	1381	4.18e-15	32.7
Sample:N1,Pos:40139	WP_113886670.1	93.750	16	1	0	112	159	1390	1405	4.18e-15	32.7
Sample:N1,Pos:40139	WP_113886670.1	93.750	16	1	0	112	159	1408	1423	4.18e-15	32.7
Sample:N1,Pos:40139	WP_113886670.1	88.571	35	4	0	3	107	1389	1423	1.13e-14	57.4
Sample:N1,Pos:40139	WP_113886670.1	93.750	16	1	0	112	159	1438	1453	1.13e-14	32.7
Sample:N1,Pos:40139	WP_113886670.1	88.571	35	4	0	3	107	1395	1429	1.29e-14	57.4
Sample:N1,Pos:40139	WP_113886670.1	93.750	16	1	0	112	159	1426	1441	1.29e-14	32.3
Sample:N1,Pos:40139	WP_113886670.1	88.571	35	4	0	3	107	1353	1387	1.40e-14	57.4
Sample:N1,Pos:40139	WP_113886670.1	93.750	16	1	0	112	159	1396	1411	1.40e-14	32.3
Sample:N1,Pos:40139	WP_113886670.1	88.571	35	4	0	3	107	1401	1435	3.29e-14	57.4
Sample:N1,Pos:40139	WP_113886670.1	88.571	35	4	0	3	107	1407	1441	3.29e-14	57.4
Sample:N1,Pos:40139	WP_113886670.1	87.500	16	2	0	112	159	1432	1447	3.29e-14	31.2
Sample:N1,Pos:40139	WP_113886670.1	87.500	16	2	0	112	159	1444	1459	3.29e-14	31.2
Sample:N1,Pos:40139	WP_113886670.1	88.571	35	4	0	3	107	1359	1393	3.57e-14	57.4
Sample:N1,Pos:40139	WP_113886670.1	88.571	35	4	0	3	107	1377	1411	3.57e-14	57.4
Sample:N1,Pos:40139	WP_113886670.1	87.500	16	2	0	112	159	1402	1417	3.57e-14	31.2
Sample:N1,Pos:40139	WP_113886670.1	87.500	16	2	0	112	159	1414	1429	3.57e-14	31.2
Sample:N1,Pos:40139	WP_113886670.1	84.848	33	5	0	9	107	1325	1357	4.03e-13	52.4
Sample:N1,Pos:40139	WP_113886670.1	93.750	16	1	0	112	159	1354	1369	4.03e-13	32.7
Sample:N1,Pos:40139	WP_113886670.1	85.714	35	5	0	3	107	1335	1369	4.34e-13	55.8
Sample:N1,Pos:40139	WP_113886670.1	81.250	16	3	0	112	159	1378	1393	4.34e-13	28.9
Sample:N1,Pos:40139	WP_113886670.1	88.571	35	4	0	3	107	1419	1453	4.48e-13	57.4
Sample:N1,Pos:40139	WP_113886670.1	85.714	14	2	0	112	153	1456	1469	4.48e-13	27.3
Sample:N1,Pos:40139	WP_113886670.1	88.571	35	4	0	3	107	1425	1459	5.67e-13	57.4
Sample:N1,Pos:40139	WP_113886670.1	88.571	35	4	0	3	107	1431	1465	5.67e-13	57.4
Sample:N1,Pos:40139	WP_113886670.1	85.714	35	5	0	3	107	1365	1399	2.27e-12	55.8
Sample:N1,Pos:40139	WP_113886670.1	90.909	33	3	0	3	101	1437	1469	2.58e-12	55.5
Sample:N1,Pos:40139	WP_113886670.1	82.857	35	6	0	3	107	1371	1405	7.51e-12	54.3
Sample:N1,Pos:40139	WP_113886670.1	74.194	31	8	0	15	107	1321	1351	6.63e-10	42.7
Sample:N1,Pos:40139	WP_113886670.1	87.500	16	2	0	112	159	1348	1363	6.63e-10	31.2
Sample:N1,Pos:40139	WP_113886670.1	51.064	47	23	0	3	143	1449	1495	1.35e-06	39.3
Sample:N1,Pos:40139	WP_113886670.1	93.750	16	1	0	112	159	1336	1351	7.73e-06	32.7
Sample:N1,Pos:40139	WP_113886670.1	66.667	21	7	0	45	107	1319	1339	7.73e-06	27.3
Sample:N1,Pos:40139	WP_113886670.1	87.500	16	2	0	112	159	1330	1345	0.001	31.2
Sample:N1,Pos:40139	WP_113886670.1	87.500	16	2	0	112	159	1342	1357	0.001	31.2
Sample:N1,Pos:40139	WP_113886670.1	87.500	16	2	0	112	159	1360	1375	0.001	31.2
Sample:N1,Pos:40139	WP_113886670.1	86.667	15	2	0	115	159	1325	1339	0.007	28.9
Sample:N1,Pos:40139	WP_113886670.1	81.250	16	3	0	112	159	1384	1399	0.008	28.9
Sample:N1,Pos:40139	WP_113886670.1	81.250	16	3	0	112	159	1372	1387	0.010	28.9
Sample:N1,Pos:40139	WP_086874545.1	92.857	14	1	0	160	201	18	31	3.22e-04	32.7
Sample:N1,Pos:40139	WP_004898281.1	40.000	20	12	0	113	172	25	44	1.8	22.3
Sample:N1,Pos:40139	WP_113886625.1	34.211	38	21	1	51	164	518	551	4.1	21.2
Sample:N1,Pos:40139	WP_086875080.1	37.037	27	17	0	3	83	70	96	5.5	20.8
Sample:N1,Pos:40139	WP_086874599.1	85.714	7	1	0	138	118	332	338	6.5	20.8
Sample:N1,Pos:40139	WP_023599365.1	55.556	9	4	0	121	147	217	225	7.0	20.8
Sample:N1,Pos:40139	WP_113886592.1	80.000	10	2	0	107	78	91	100	8.8	20.4
# BLAST processed 1 queries
