# BLASTX 2.4.0+
# Query: Sample:N1,Pos:40197 <unknown description>
# Database: User specified sequence set (Input: lactobacillus_johnsonii_protein.faa)
# Fields: query id, subject id, % identity, alignment length, mismatches, gap opens, q. start, q. end, s. start, s. end, evalue, bit score
# 56 hits found
Sample:N1,Pos:40197	WP_086874545.1	96.970	33	1	0	102	200	18	50	1.70e-18	72.4
Sample:N1,Pos:40197	WP_113886670.1	94.118	17	1	0	51	101	1353	1369	2.46e-08	35.0
Sample:N1,Pos:40197	WP_113886670.1	94.118	17	1	0	51	101	1365	1381	2.46e-08	35.0
Sample:N1,Pos:40197	WP_113886670.1	94.118	17	1	0	51	101	1389	1405	2.46e-08	35.0
Sample:N1,Pos:40197	WP_113886670.1	94.118	17	1	0	51	101	1419	1435	2.46e-08	35.0
Sample:N1,Pos:40197	WP_113886670.1	94.118	17	1	0	51	101	1437	1453	2.46e-08	35.0
Sample:N1,Pos:40197	WP_113886670.1	94.118	17	1	0	51	101	1449	1465	2.46e-08	35.0
Sample:N1,Pos:40197	WP_113886670.1	100.000	16	0	0	2	49	1330	1345	2.46e-08	33.1
Sample:N1,Pos:40197	WP_113886670.1	100.000	16	0	0	2	49	1342	1357	2.46e-08	33.1
Sample:N1,Pos:40197	WP_113886670.1	100.000	16	0	0	2	49	1360	1375	2.46e-08	33.1
Sample:N1,Pos:40197	WP_113886670.1	100.000	16	0	0	2	49	1402	1417	2.46e-08	33.1
Sample:N1,Pos:40197	WP_113886670.1	100.000	16	0	0	2	49	1414	1429	2.46e-08	33.1
Sample:N1,Pos:40197	WP_113886670.1	100.000	16	0	0	2	49	1432	1447	2.46e-08	33.1
Sample:N1,Pos:40197	WP_113886670.1	94.118	17	1	0	51	101	1407	1423	6.51e-08	35.0
Sample:N1,Pos:40197	WP_113886670.1	93.750	16	1	0	2	49	1396	1411	6.51e-08	32.0
Sample:N1,Pos:40197	WP_113886670.1	94.118	17	1	0	51	101	1395	1411	7.47e-08	35.0
Sample:N1,Pos:40197	WP_113886670.1	93.750	16	1	0	2	49	1348	1363	7.47e-08	32.0
Sample:N1,Pos:40197	WP_113886670.1	94.118	17	1	0	51	101	1425	1441	1.20e-07	35.0
Sample:N1,Pos:40197	WP_113886670.1	93.750	16	1	0	2	49	1372	1387	1.20e-07	31.2
Sample:N1,Pos:40197	WP_113886670.1	88.235	17	2	0	51	101	1443	1459	1.84e-07	33.5
Sample:N1,Pos:40197	WP_113886670.1	93.750	16	1	0	2	49	1426	1441	1.84e-07	32.0
Sample:N1,Pos:40197	WP_113886670.1	88.235	17	2	0	51	101	1347	1363	3.90e-07	33.9
Sample:N1,Pos:40197	WP_113886670.1	87.500	16	2	0	2	49	1336	1351	3.90e-07	30.4
Sample:N1,Pos:40197	WP_113886670.1	88.235	17	2	0	51	101	1401	1417	4.65e-07	33.5
Sample:N1,Pos:40197	WP_113886670.1	88.235	17	2	0	51	101	1413	1429	4.65e-07	33.5
Sample:N1,Pos:40197	WP_113886670.1	88.235	17	2	0	51	101	1431	1447	4.65e-07	33.5
Sample:N1,Pos:40197	WP_113886670.1	87.500	16	2	0	2	49	1354	1369	4.65e-07	30.4
Sample:N1,Pos:40197	WP_113886670.1	87.500	16	2	0	2	49	1366	1381	4.65e-07	30.4
Sample:N1,Pos:40197	WP_113886670.1	87.500	16	2	0	2	49	1390	1405	4.65e-07	30.4
Sample:N1,Pos:40197	WP_113886670.1	100.000	16	0	0	2	49	1444	1459	7.52e-07	33.1
Sample:N1,Pos:40197	WP_113886670.1	38.000	50	29	2	51	194	1455	1504	7.52e-07	30.0
Sample:N1,Pos:40197	WP_113886670.1	94.118	17	1	0	51	101	1335	1351	1.83e-06	35.0
Sample:N1,Pos:40197	WP_113886670.1	80.000	15	3	0	5	49	1325	1339	1.83e-06	26.9
Sample:N1,Pos:40197	WP_113886670.1	88.235	17	2	0	51	101	1329	1345	1.54e-04	33.5
Sample:N1,Pos:40197	WP_113886670.1	88.235	17	2	0	51	101	1341	1357	1.54e-04	33.5
Sample:N1,Pos:40197	WP_113886670.1	88.235	17	2	0	51	101	1359	1375	1.54e-04	33.5
Sample:N1,Pos:40197	WP_113886670.1	82.353	17	3	0	51	101	1377	1393	0.001	31.6
Sample:N1,Pos:40197	WP_113886670.1	82.353	17	3	0	51	101	1383	1399	0.001	31.6
Sample:N1,Pos:40197	WP_113886670.1	82.353	17	3	0	51	101	1371	1387	0.001	31.2
Sample:N1,Pos:40197	WP_113886670.1	87.500	16	2	0	2	49	1408	1423	0.002	30.4
Sample:N1,Pos:40197	WP_113886670.1	87.500	16	2	0	2	49	1420	1435	0.002	30.4
Sample:N1,Pos:40197	WP_113886670.1	87.500	16	2	0	2	49	1438	1453	0.002	30.4
Sample:N1,Pos:40197	WP_113886670.1	87.500	16	2	0	2	49	1450	1465	0.002	30.4
Sample:N1,Pos:40197	WP_113886670.1	87.500	16	2	0	2	49	1378	1393	0.004	29.6
Sample:N1,Pos:40197	WP_113886670.1	87.500	16	2	0	2	49	1384	1399	0.004	29.6
Sample:N1,Pos:40197	WP_113886670.1	100.000	14	0	0	2	43	1456	1469	0.004	29.6
Sample:N1,Pos:40197	WP_113886670.1	86.667	15	2	0	57	101	1325	1339	0.006	29.3
Sample:N1,Pos:40197	WP_113886670.1	61.538	13	5	0	63	101	1321	1333	9.2	20.4
Sample:N1,Pos:40197	WP_086874714.1	22.449	49	37	1	200	57	277	325	0.78	23.1
Sample:N1,Pos:40197	WP_014567312.1	72.727	11	3	0	179	147	149	159	0.96	23.1
Sample:N1,Pos:40197	WP_004895097.1	31.429	35	23	1	81	182	57	91	0.98	23.1
Sample:N1,Pos:40197	WP_004898281.1	40.000	20	12	0	55	114	25	44	2.2	21.9
Sample:N1,Pos:40197	WP_003647012.1	63.636	11	4	0	34	2	7	17	6.4	20.8
Sample:N1,Pos:40197	WP_023599365.1	55.556	9	4	0	63	89	217	225	6.8	20.8
Sample:N1,Pos:40197	WP_113886592.1	80.000	10	2	0	49	20	91	100	8.5	20.4
Sample:N1,Pos:40197	WP_086875124.1	34.483	29	17	1	111	191	138	166	9.1	20.4
# BLAST processed 1 queries
