# BLASTX 2.4.0+
# Query: Sample:N1,Pos:40164 <unknown description>
# Database: User specified sequence set (Input: lactobacillus_johnsonii_protein.faa)
# Fields: query id, subject id, % identity, alignment length, mismatches, gap opens, q. start, q. end, s. start, s. end, evalue, bit score
# 54 hits found
Sample:N1,Pos:40164	WP_113886670.1	96.296	27	1	0	2	82	1391	1417	2.19e-12	49.3
Sample:N1,Pos:40164	WP_113886670.1	96.296	27	1	0	2	82	1421	1447	2.19e-12	49.3
Sample:N1,Pos:40164	WP_113886670.1	93.750	16	1	0	87	134	1420	1435	2.19e-12	33.1
Sample:N1,Pos:40164	WP_113886670.1	93.750	16	1	0	87	134	1450	1465	2.19e-12	33.1
Sample:N1,Pos:40164	WP_113886670.1	92.593	27	2	0	2	82	1337	1363	5.84e-12	47.8
Sample:N1,Pos:40164	WP_113886670.1	92.593	27	2	0	2	82	1349	1375	5.84e-12	47.8
Sample:N1,Pos:40164	WP_113886670.1	93.750	16	1	0	87	134	1366	1381	5.84e-12	33.1
Sample:N1,Pos:40164	WP_113886670.1	93.750	16	1	0	87	134	1390	1405	5.84e-12	33.1
Sample:N1,Pos:40164	WP_113886670.1	88.889	27	3	0	2	82	1331	1357	1.62e-11	46.2
Sample:N1,Pos:40164	WP_113886670.1	88.889	27	3	0	2	82	1355	1381	1.62e-11	46.2
Sample:N1,Pos:40164	WP_113886670.1	88.889	27	3	0	2	82	1403	1429	1.62e-11	46.2
Sample:N1,Pos:40164	WP_113886670.1	93.750	16	1	0	87	134	1354	1369	1.62e-11	33.1
Sample:N1,Pos:40164	WP_113886670.1	93.750	16	1	0	87	134	1408	1423	1.62e-11	33.1
Sample:N1,Pos:40164	WP_113886670.1	93.750	16	1	0	87	134	1438	1453	1.62e-11	33.1
Sample:N1,Pos:40164	WP_113886670.1	88.889	27	3	0	2	82	1367	1393	2.23e-11	46.2
Sample:N1,Pos:40164	WP_113886670.1	93.750	16	1	0	87	134	1396	1411	2.23e-11	32.7
Sample:N1,Pos:40164	WP_113886670.1	88.889	27	3	0	2	82	1409	1435	4.66e-11	46.2
Sample:N1,Pos:40164	WP_113886670.1	87.500	16	2	0	87	134	1432	1447	4.66e-11	31.6
Sample:N1,Pos:40164	WP_113886670.1	85.185	27	4	0	2	82	1397	1423	5.35e-11	44.7
Sample:N1,Pos:40164	WP_113886670.1	93.750	16	1	0	87	134	1426	1441	5.35e-11	32.7
Sample:N1,Pos:40164	WP_113886670.1	85.185	27	4	0	2	82	1415	1441	1.29e-10	44.7
Sample:N1,Pos:40164	WP_113886670.1	87.500	16	2	0	87	134	1444	1459	1.29e-10	31.6
Sample:N1,Pos:40164	WP_113886670.1	85.185	27	4	0	2	82	1361	1387	1.50e-10	44.7
Sample:N1,Pos:40164	WP_113886670.1	85.185	27	4	0	2	82	1385	1411	1.50e-10	44.7
Sample:N1,Pos:40164	WP_113886670.1	87.500	16	2	0	87	134	1402	1417	1.50e-10	31.6
Sample:N1,Pos:40164	WP_113886670.1	87.500	16	2	0	87	134	1414	1429	1.50e-10	31.6
Sample:N1,Pos:40164	WP_113886670.1	81.481	27	5	0	2	82	1325	1351	4.11e-10	42.7
Sample:N1,Pos:40164	WP_113886670.1	87.500	16	2	0	87	134	1348	1363	4.11e-10	32.0
Sample:N1,Pos:40164	WP_113886670.1	88.889	27	3	0	2	82	1433	1459	6.79e-10	46.2
Sample:N1,Pos:40164	WP_113886670.1	85.714	14	2	0	87	128	1456	1469	6.79e-10	27.7
Sample:N1,Pos:40164	WP_113886670.1	81.481	27	5	0	2	82	1343	1369	1.69e-09	43.1
Sample:N1,Pos:40164	WP_113886670.1	81.250	16	3	0	87	134	1378	1393	1.69e-09	29.3
Sample:N1,Pos:40164	WP_113886670.1	88.889	27	3	0	2	82	1439	1465	5.27e-09	46.2
Sample:N1,Pos:40164	WP_113886670.1	85.185	27	4	0	2	82	1427	1453	1.81e-08	44.7
Sample:N1,Pos:40164	WP_113886670.1	81.481	27	5	0	2	82	1373	1399	7.09e-08	43.1
Sample:N1,Pos:40164	WP_113886670.1	81.481	27	5	0	2	82	1379	1405	7.09e-08	43.1
Sample:N1,Pos:40164	WP_113886670.1	88.000	25	3	0	2	76	1445	1469	8.47e-08	42.7
Sample:N1,Pos:40164	WP_113886670.1	93.750	16	1	0	87	134	1336	1351	4.58e-06	33.1
Sample:N1,Pos:40164	WP_113886670.1	66.667	21	7	0	20	82	1319	1339	4.58e-06	27.3
Sample:N1,Pos:40164	WP_113886670.1	87.500	16	2	0	87	134	1330	1345	8.43e-04	31.6
Sample:N1,Pos:40164	WP_113886670.1	87.500	16	2	0	87	134	1342	1357	8.43e-04	31.6
Sample:N1,Pos:40164	WP_113886670.1	87.500	16	2	0	87	134	1360	1375	8.43e-04	31.6
Sample:N1,Pos:40164	WP_113886670.1	86.667	15	2	0	90	134	1325	1339	0.005	29.3
Sample:N1,Pos:40164	WP_113886670.1	81.250	16	3	0	87	134	1384	1399	0.006	29.3
Sample:N1,Pos:40164	WP_113886670.1	81.250	16	3	0	87	134	1372	1387	0.007	28.9
Sample:N1,Pos:40164	WP_113886670.1	41.026	39	23	0	2	118	1457	1495	0.050	26.6
Sample:N1,Pos:40164	WP_086874545.1	95.455	22	1	0	135	200	18	39	4.43e-10	49.3
Sample:N1,Pos:40164	WP_004898281.1	40.000	20	12	0	88	147	25	44	1.7	22.3
Sample:N1,Pos:40164	WP_113886592.1	80.000	10	2	0	82	53	91	100	4.0	21.2
Sample:N1,Pos:40164	WP_086874714.1	21.622	37	29	0	200	90	289	325	5.7	20.8
Sample:N1,Pos:40164	WP_113886625.1	34.211	38	21	1	26	139	518	551	6.1	20.8
Sample:N1,Pos:40164	WP_023599365.1	55.556	9	4	0	96	122	217	225	6.8	20.8
Sample:N1,Pos:40164	WP_086875124.1	38.889	18	11	0	144	197	138	155	6.8	20.8
Sample:N1,Pos:40164	WP_011161820.1	26.316	19	14	0	132	188	312	330	9.7	20.0
# BLAST processed 1 queries
