# BLASTX 2.4.0+
# Query: Sample:N1,Pos:40158 <unknown description>
# Database: User specified sequence set (Input: lactobacillus_johnsonii_protein.faa)
# Fields: query id, subject id, % identity, alignment length, mismatches, gap opens, q. start, q. end, s. start, s. end, evalue, bit score
# 52 hits found
Sample:N1,Pos:40158	WP_113886670.1	96.552	29	1	0	2	88	1389	1417	3.51e-13	52.0
Sample:N1,Pos:40158	WP_113886670.1	96.552	29	1	0	2	88	1419	1447	3.51e-13	52.0
Sample:N1,Pos:40158	WP_113886670.1	93.750	16	1	0	93	140	1420	1435	3.51e-13	33.1
Sample:N1,Pos:40158	WP_113886670.1	93.750	16	1	0	93	140	1450	1465	3.51e-13	33.1
Sample:N1,Pos:40158	WP_113886670.1	93.103	29	2	0	2	88	1335	1363	9.47e-13	50.8
Sample:N1,Pos:40158	WP_113886670.1	93.103	29	2	0	2	88	1347	1375	9.47e-13	50.8
Sample:N1,Pos:40158	WP_113886670.1	93.750	16	1	0	93	140	1366	1381	9.47e-13	33.1
Sample:N1,Pos:40158	WP_113886670.1	93.750	16	1	0	93	140	1390	1405	9.47e-13	33.1
Sample:N1,Pos:40158	WP_113886670.1	89.655	29	3	0	2	88	1329	1357	2.66e-12	49.3
Sample:N1,Pos:40158	WP_113886670.1	89.655	29	3	0	2	88	1353	1381	2.66e-12	49.3
Sample:N1,Pos:40158	WP_113886670.1	89.655	29	3	0	2	88	1401	1429	2.66e-12	49.3
Sample:N1,Pos:40158	WP_113886670.1	93.750	16	1	0	93	140	1354	1369	2.66e-12	33.1
Sample:N1,Pos:40158	WP_113886670.1	93.750	16	1	0	93	140	1408	1423	2.66e-12	33.1
Sample:N1,Pos:40158	WP_113886670.1	93.750	16	1	0	93	140	1438	1453	2.66e-12	33.1
Sample:N1,Pos:40158	WP_113886670.1	89.655	29	3	0	2	88	1365	1393	3.45e-12	48.9
Sample:N1,Pos:40158	WP_113886670.1	93.750	16	1	0	93	140	1396	1411	3.45e-12	32.7
Sample:N1,Pos:40158	WP_113886670.1	89.655	29	3	0	2	88	1407	1435	7.52e-12	49.3
Sample:N1,Pos:40158	WP_113886670.1	87.500	16	2	0	93	140	1432	1447	7.52e-12	31.6
Sample:N1,Pos:40158	WP_113886670.1	86.207	29	4	0	2	88	1395	1423	8.84e-12	47.8
Sample:N1,Pos:40158	WP_113886670.1	93.750	16	1	0	93	140	1426	1441	8.84e-12	32.7
Sample:N1,Pos:40158	WP_113886670.1	86.207	29	4	0	2	88	1413	1441	2.11e-11	47.8
Sample:N1,Pos:40158	WP_113886670.1	87.500	16	2	0	93	140	1444	1459	2.11e-11	31.6
Sample:N1,Pos:40158	WP_113886670.1	86.207	29	4	0	2	88	1359	1387	2.30e-11	47.4
Sample:N1,Pos:40158	WP_113886670.1	86.207	29	4	0	2	88	1383	1411	2.30e-11	47.4
Sample:N1,Pos:40158	WP_113886670.1	87.500	16	2	0	93	140	1402	1417	2.30e-11	31.6
Sample:N1,Pos:40158	WP_113886670.1	87.500	16	2	0	93	140	1414	1429	2.30e-11	31.6
Sample:N1,Pos:40158	WP_113886670.1	89.655	29	3	0	2	88	1431	1459	1.06e-10	49.3
Sample:N1,Pos:40158	WP_113886670.1	85.714	14	2	0	93	134	1456	1469	1.06e-10	27.3
Sample:N1,Pos:40158	WP_113886670.1	82.759	29	5	0	2	88	1341	1369	2.62e-10	46.2
Sample:N1,Pos:40158	WP_113886670.1	81.250	16	3	0	93	140	1378	1393	2.62e-10	29.3
Sample:N1,Pos:40158	WP_113886670.1	89.655	29	3	0	2	88	1437	1465	5.11e-10	49.3
Sample:N1,Pos:40158	WP_113886670.1	81.481	27	5	0	8	88	1325	1351	6.16e-10	42.4
Sample:N1,Pos:40158	WP_113886670.1	87.500	16	2	0	93	140	1348	1363	6.16e-10	31.6
Sample:N1,Pos:40158	WP_113886670.1	86.207	29	4	0	2	88	1425	1453	1.77e-09	47.8
Sample:N1,Pos:40158	WP_113886670.1	82.759	29	5	0	2	88	1371	1399	6.53e-09	45.8
Sample:N1,Pos:40158	WP_113886670.1	82.759	29	5	0	2	88	1377	1405	6.53e-09	45.8
Sample:N1,Pos:40158	WP_113886670.1	88.889	27	3	0	2	82	1443	1469	7.95e-09	45.8
Sample:N1,Pos:40158	WP_113886670.1	93.750	16	1	0	93	140	1336	1351	5.77e-06	33.1
Sample:N1,Pos:40158	WP_113886670.1	66.667	21	7	0	26	88	1319	1339	5.77e-06	27.3
Sample:N1,Pos:40158	WP_113886670.1	87.500	16	2	0	93	140	1330	1345	0.001	31.6
Sample:N1,Pos:40158	WP_113886670.1	87.500	16	2	0	93	140	1342	1357	0.001	31.6
Sample:N1,Pos:40158	WP_113886670.1	87.500	16	2	0	93	140	1360	1375	0.001	31.6
Sample:N1,Pos:40158	WP_113886670.1	43.902	41	23	0	2	124	1455	1495	0.004	29.6
Sample:N1,Pos:40158	WP_113886670.1	86.667	15	2	0	96	140	1325	1339	0.006	29.3
Sample:N1,Pos:40158	WP_113886670.1	81.250	16	3	0	93	140	1384	1399	0.006	29.3
Sample:N1,Pos:40158	WP_113886670.1	81.250	16	3	0	93	140	1372	1387	0.008	28.9
Sample:N1,Pos:40158	WP_086874545.1	95.000	20	1	0	141	200	18	37	6.04e-09	45.8
Sample:N1,Pos:40158	WP_004898281.1	40.000	20	12	0	94	153	25	44	1.7	22.3
Sample:N1,Pos:40158	WP_113886592.1	80.000	10	2	0	88	59	91	100	4.0	21.2
Sample:N1,Pos:40158	WP_113886625.1	34.211	38	21	1	32	145	518	551	5.8	20.8
Sample:N1,Pos:40158	WP_086874714.1	22.857	35	27	0	200	96	291	325	6.5	20.8
Sample:N1,Pos:40158	WP_023599365.1	55.556	9	4	0	102	128	217	225	6.8	20.8
# BLAST processed 1 queries
