# BLASTX 2.4.0+
# Query: Sample:N1,Pos:40152 <unknown description>
# Database: User specified sequence set (Input: lactobacillus_johnsonii_protein.faa)
# Fields: query id, subject id, % identity, alignment length, mismatches, gap opens, q. start, q. end, s. start, s. end, evalue, bit score
# 51 hits found
Sample:N1,Pos:40152	WP_113886670.1	96.774	31	1	0	2	94	1387	1417	2.37e-14	56.2
Sample:N1,Pos:40152	WP_113886670.1	93.750	16	1	0	99	146	1420	1435	2.37e-14	33.1
Sample:N1,Pos:40152	WP_113886670.1	93.548	31	2	0	2	94	1417	1447	6.26e-14	54.7
Sample:N1,Pos:40152	WP_113886670.1	93.750	16	1	0	99	146	1450	1465	6.26e-14	33.1
Sample:N1,Pos:40152	WP_113886670.1	90.323	31	3	0	2	94	1333	1363	1.80e-13	53.1
Sample:N1,Pos:40152	WP_113886670.1	90.323	31	3	0	2	94	1345	1375	1.80e-13	53.1
Sample:N1,Pos:40152	WP_113886670.1	90.323	31	3	0	2	94	1351	1381	1.80e-13	53.1
Sample:N1,Pos:40152	WP_113886670.1	93.750	16	1	0	99	146	1366	1381	1.80e-13	33.1
Sample:N1,Pos:40152	WP_113886670.1	93.750	16	1	0	99	146	1390	1405	1.80e-13	33.1
Sample:N1,Pos:40152	WP_113886670.1	93.750	16	1	0	99	146	1408	1423	1.80e-13	33.1
Sample:N1,Pos:40152	WP_113886670.1	87.097	31	4	0	2	94	1393	1423	4.75e-13	51.6
Sample:N1,Pos:40152	WP_113886670.1	93.750	16	1	0	99	146	1438	1453	4.75e-13	33.1
Sample:N1,Pos:40152	WP_113886670.1	87.097	31	4	0	2	94	1399	1429	5.32e-13	51.6
Sample:N1,Pos:40152	WP_113886670.1	93.750	16	1	0	99	146	1426	1441	5.32e-13	32.7
Sample:N1,Pos:40152	WP_113886670.1	87.097	31	4	0	2	94	1327	1357	6.26e-13	51.2
Sample:N1,Pos:40152	WP_113886670.1	93.750	16	1	0	99	146	1354	1369	6.26e-13	33.1
Sample:N1,Pos:40152	WP_113886670.1	87.097	31	4	0	2	94	1357	1387	6.41e-13	51.2
Sample:N1,Pos:40152	WP_113886670.1	93.750	16	1	0	99	146	1396	1411	6.41e-13	32.7
Sample:N1,Pos:40152	WP_113886670.1	87.097	31	4	0	2	94	1405	1435	1.35e-12	51.6
Sample:N1,Pos:40152	WP_113886670.1	87.097	31	4	0	2	94	1411	1441	1.35e-12	51.6
Sample:N1,Pos:40152	WP_113886670.1	87.500	16	2	0	99	146	1432	1447	1.35e-12	31.6
Sample:N1,Pos:40152	WP_113886670.1	87.500	16	2	0	99	146	1444	1459	1.35e-12	31.6
Sample:N1,Pos:40152	WP_113886670.1	87.097	31	4	0	2	94	1363	1393	1.63e-12	51.2
Sample:N1,Pos:40152	WP_113886670.1	87.097	31	4	0	2	94	1381	1411	1.63e-12	51.2
Sample:N1,Pos:40152	WP_113886670.1	87.500	16	2	0	99	146	1402	1417	1.63e-12	31.6
Sample:N1,Pos:40152	WP_113886670.1	87.500	16	2	0	99	146	1414	1429	1.63e-12	31.6
Sample:N1,Pos:40152	WP_113886670.1	83.871	31	5	0	2	94	1339	1369	1.86e-11	50.1
Sample:N1,Pos:40152	WP_113886670.1	81.250	16	3	0	99	146	1378	1393	1.86e-11	29.3
Sample:N1,Pos:40152	WP_113886670.1	87.097	31	4	0	2	94	1423	1453	1.94e-11	51.6
Sample:N1,Pos:40152	WP_113886670.1	85.714	14	2	0	99	140	1456	1469	1.94e-11	27.7
Sample:N1,Pos:40152	WP_113886670.1	87.097	31	4	0	2	94	1429	1459	6.79e-11	51.6
Sample:N1,Pos:40152	WP_113886670.1	87.097	31	4	0	2	94	1435	1465	6.79e-11	51.6
Sample:N1,Pos:40152	WP_113886670.1	83.871	31	5	0	2	94	1369	1399	3.04e-10	49.7
Sample:N1,Pos:40152	WP_113886670.1	74.194	31	8	0	2	94	1321	1351	3.13e-10	43.5
Sample:N1,Pos:40152	WP_113886670.1	87.500	16	2	0	99	146	1348	1363	3.13e-10	31.6
Sample:N1,Pos:40152	WP_113886670.1	89.655	29	3	0	2	88	1441	1469	3.32e-10	49.7
Sample:N1,Pos:40152	WP_113886670.1	80.645	31	6	0	2	94	1375	1405	9.75e-10	48.5
Sample:N1,Pos:40152	WP_113886670.1	93.750	16	1	0	99	146	1336	1351	5.12e-06	33.1
Sample:N1,Pos:40152	WP_113886670.1	66.667	21	7	0	32	94	1319	1339	5.12e-06	27.3
Sample:N1,Pos:40152	WP_113886670.1	46.512	43	23	0	2	130	1453	1495	2.10e-04	33.1
Sample:N1,Pos:40152	WP_113886670.1	87.500	16	2	0	99	146	1330	1345	0.001	31.6
Sample:N1,Pos:40152	WP_113886670.1	87.500	16	2	0	99	146	1342	1357	0.001	31.6
Sample:N1,Pos:40152	WP_113886670.1	87.500	16	2	0	99	146	1360	1375	0.001	31.6
Sample:N1,Pos:40152	WP_113886670.1	86.667	15	2	0	102	146	1325	1339	0.005	29.3
Sample:N1,Pos:40152	WP_113886670.1	81.250	16	3	0	99	146	1384	1399	0.006	29.3
Sample:N1,Pos:40152	WP_113886670.1	81.250	16	3	0	99	146	1372	1387	0.007	28.9
Sample:N1,Pos:40152	WP_086874545.1	94.444	18	1	0	147	200	18	35	1.02e-07	42.7
Sample:N1,Pos:40152	WP_004898281.1	40.000	20	12	0	100	159	25	44	1.9	22.3
Sample:N1,Pos:40152	WP_113886592.1	80.000	10	2	0	94	65	91	100	4.0	21.2
Sample:N1,Pos:40152	WP_113886625.1	34.211	38	21	1	38	151	518	551	6.2	20.8
Sample:N1,Pos:40152	WP_023599365.1	55.556	9	4	0	108	134	217	225	6.8	20.8
# BLAST processed 1 queries
