# BLASTX 2.4.0+
# Query: Sample:P3,Pos:40085 <unknown description>
# Database: User specified sequence set (Input: lactobacillus_johnsonii_protein.faa)
# Fields: query id, subject id, % identity, alignment length, mismatches, gap opens, q. start, q. end, s. start, s. end, evalue, bit score
# 42 hits found
Sample:P3,Pos:40085	WP_113886670.1	98.113	53	1	0	3	161	1365	1417	1.68e-25	93.2
Sample:P3,Pos:40085	WP_113886670.1	96.226	53	2	0	3	161	1395	1447	6.01e-25	91.7
Sample:P3,Pos:40085	WP_113886670.1	94.340	53	3	0	3	161	1335	1387	2.40e-24	89.7
Sample:P3,Pos:40085	WP_113886670.1	94.340	53	3	0	3	161	1407	1459	2.54e-24	89.7
Sample:P3,Pos:40085	WP_113886670.1	92.453	53	4	0	3	161	1389	1441	8.58e-24	88.2
Sample:P3,Pos:40085	WP_113886670.1	90.566	53	5	0	3	161	1341	1393	3.42e-23	86.7
Sample:P3,Pos:40085	WP_113886670.1	90.566	53	5	0	3	161	1353	1405	3.42e-23	86.7
Sample:P3,Pos:40085	WP_113886670.1	90.566	53	5	0	3	161	1377	1429	3.42e-23	86.7
Sample:P3,Pos:40085	WP_113886670.1	94.118	51	3	0	3	155	1419	1469	3.59e-23	86.7
Sample:P3,Pos:40085	WP_113886670.1	90.566	53	5	0	3	161	1329	1381	3.63e-23	86.3
Sample:P3,Pos:40085	WP_113886670.1	88.679	53	6	0	3	161	1359	1411	1.16e-22	85.1
Sample:P3,Pos:40085	WP_113886670.1	88.679	53	6	0	3	161	1371	1423	1.16e-22	85.1
Sample:P3,Pos:40085	WP_113886670.1	88.679	53	6	0	3	161	1383	1435	1.16e-22	85.1
Sample:P3,Pos:40085	WP_113886670.1	88.679	53	6	0	3	161	1401	1453	1.23e-22	85.1
Sample:P3,Pos:40085	WP_113886670.1	88.679	53	6	0	3	161	1413	1465	1.23e-22	85.1
Sample:P3,Pos:40085	WP_113886670.1	88.679	53	6	0	3	161	1347	1399	1.45e-22	84.7
Sample:P3,Pos:40085	WP_113886670.1	92.157	51	4	0	9	161	1325	1375	1.90e-22	84.3
Sample:P3,Pos:40085	WP_113886670.1	79.592	49	10	0	15	161	1321	1369	2.33e-17	70.1
Sample:P3,Pos:40085	WP_113886670.1	100.000	12	0	0	166	201	1336	1347	0.046	26.9
Sample:P3,Pos:40085	WP_113886670.1	100.000	12	0	0	166	201	1354	1365	0.046	26.9
Sample:P3,Pos:40085	WP_113886670.1	100.000	12	0	0	166	201	1366	1377	0.046	26.9
Sample:P3,Pos:40085	WP_113886670.1	100.000	12	0	0	166	201	1390	1401	0.046	26.9
Sample:P3,Pos:40085	WP_113886670.1	100.000	12	0	0	166	201	1408	1419	0.046	26.9
Sample:P3,Pos:40085	WP_113886670.1	100.000	12	0	0	166	201	1420	1431	0.046	26.9
Sample:P3,Pos:40085	WP_113886670.1	100.000	12	0	0	166	201	1438	1449	0.046	26.9
Sample:P3,Pos:40085	WP_113886670.1	100.000	12	0	0	166	201	1450	1461	0.046	26.9
Sample:P3,Pos:40085	WP_113886670.1	91.667	12	1	0	166	201	1348	1359	0.14	25.4
Sample:P3,Pos:40085	WP_113886670.1	91.667	12	1	0	166	201	1396	1407	0.15	25.4
Sample:P3,Pos:40085	WP_113886670.1	91.667	12	1	0	166	201	1426	1437	0.15	25.4
Sample:P3,Pos:40085	WP_113886670.1	83.333	12	2	0	166	201	1330	1341	0.47	23.9
Sample:P3,Pos:40085	WP_113886670.1	83.333	12	2	0	166	201	1342	1353	0.47	23.9
Sample:P3,Pos:40085	WP_113886670.1	83.333	12	2	0	166	201	1360	1371	0.47	23.9
Sample:P3,Pos:40085	WP_113886670.1	83.333	12	2	0	166	201	1372	1383	0.47	23.9
Sample:P3,Pos:40085	WP_113886670.1	83.333	12	2	0	166	201	1402	1413	0.47	23.9
Sample:P3,Pos:40085	WP_113886670.1	83.333	12	2	0	166	201	1414	1425	0.47	23.9
Sample:P3,Pos:40085	WP_113886670.1	83.333	12	2	0	166	201	1432	1443	0.47	23.9
Sample:P3,Pos:40085	WP_113886670.1	83.333	12	2	0	166	201	1444	1455	0.47	23.9
Sample:P3,Pos:40085	WP_113886670.1	83.333	12	2	0	166	201	1456	1467	0.47	23.9
Sample:P3,Pos:40085	WP_113886670.1	83.333	12	2	0	166	201	1378	1389	0.88	23.1
Sample:P3,Pos:40085	WP_113886670.1	83.333	12	2	0	166	201	1384	1395	0.88	23.1
Sample:P3,Pos:40085	WP_113886670.1	81.818	11	2	0	169	201	1325	1335	2.6	21.9
Sample:P3,Pos:40085	WP_011161934.1	29.630	27	19	0	158	78	204	230	4.3	21.2
# BLAST processed 1 queries
