# BLASTX 2.4.0+
# Query: Sample:P3,Pos:40139 <unknown description>
# Database: User specified sequence set (Input: lactobacillus_johnsonii_protein.faa)
# Fields: query id, subject id, % identity, alignment length, mismatches, gap opens, q. start, q. end, s. start, s. end, evalue, bit score
# 50 hits found
Sample:P3,Pos:40139	WP_113886670.1	97.143	35	1	0	3	107	1413	1447	6.45e-17	63.2
Sample:P3,Pos:40139	WP_113886670.1	100.000	16	0	0	112	159	1450	1465	6.45e-17	34.7
Sample:P3,Pos:40139	WP_113886670.1	97.143	35	1	0	3	107	1383	1417	6.88e-17	63.2
Sample:P3,Pos:40139	WP_113886670.1	100.000	16	0	0	112	159	1420	1435	6.88e-17	34.7
Sample:P3,Pos:40139	WP_113886670.1	94.286	35	2	0	3	107	1329	1363	1.94e-16	61.6
Sample:P3,Pos:40139	WP_113886670.1	94.286	35	2	0	3	107	1341	1375	1.94e-16	61.6
Sample:P3,Pos:40139	WP_113886670.1	94.286	35	2	0	3	107	1347	1381	1.94e-16	61.6
Sample:P3,Pos:40139	WP_113886670.1	100.000	16	0	0	112	159	1366	1381	1.94e-16	34.7
Sample:P3,Pos:40139	WP_113886670.1	100.000	16	0	0	112	159	1390	1405	1.94e-16	34.7
Sample:P3,Pos:40139	WP_113886670.1	100.000	16	0	0	112	159	1408	1423	1.94e-16	34.7
Sample:P3,Pos:40139	WP_113886670.1	91.429	35	3	0	3	107	1389	1423	5.30e-16	60.1
Sample:P3,Pos:40139	WP_113886670.1	100.000	16	0	0	112	159	1438	1453	5.30e-16	34.7
Sample:P3,Pos:40139	WP_113886670.1	91.429	35	3	0	3	107	1395	1429	1.32e-15	60.1
Sample:P3,Pos:40139	WP_113886670.1	93.750	16	1	0	112	159	1426	1441	1.32e-15	33.1
Sample:P3,Pos:40139	WP_113886670.1	91.429	35	3	0	3	107	1353	1387	1.41e-15	60.1
Sample:P3,Pos:40139	WP_113886670.1	93.750	16	1	0	112	159	1396	1411	1.41e-15	33.1
Sample:P3,Pos:40139	WP_113886670.1	91.429	35	3	0	3	107	1401	1435	3.64e-15	60.1
Sample:P3,Pos:40139	WP_113886670.1	91.429	35	3	0	3	107	1407	1441	3.64e-15	60.1
Sample:P3,Pos:40139	WP_113886670.1	87.500	16	2	0	112	159	1432	1447	3.64e-15	31.6
Sample:P3,Pos:40139	WP_113886670.1	87.500	16	2	0	112	159	1444	1459	3.64e-15	31.6
Sample:P3,Pos:40139	WP_113886670.1	91.429	35	3	0	3	107	1359	1393	3.88e-15	60.1
Sample:P3,Pos:40139	WP_113886670.1	91.429	35	3	0	3	107	1377	1411	3.88e-15	60.1
Sample:P3,Pos:40139	WP_113886670.1	87.500	16	2	0	112	159	1402	1417	3.88e-15	31.6
Sample:P3,Pos:40139	WP_113886670.1	87.500	16	2	0	112	159	1414	1429	3.88e-15	31.6
Sample:P3,Pos:40139	WP_113886670.1	87.879	33	4	0	9	107	1325	1357	1.97e-14	54.7
Sample:P3,Pos:40139	WP_113886670.1	100.000	16	0	0	112	159	1354	1369	1.97e-14	34.7
Sample:P3,Pos:40139	WP_113886670.1	88.571	35	4	0	3	107	1335	1369	2.28e-14	58.5
Sample:P3,Pos:40139	WP_113886670.1	87.500	16	2	0	112	159	1378	1393	2.28e-14	30.8
Sample:P3,Pos:40139	WP_113886670.1	91.429	35	3	0	3	107	1419	1453	5.02e-14	60.1
Sample:P3,Pos:40139	WP_113886670.1	85.714	14	2	0	112	153	1456	1469	5.02e-14	27.7
Sample:P3,Pos:40139	WP_113886670.1	91.429	35	3	0	3	107	1425	1459	6.73e-14	60.1
Sample:P3,Pos:40139	WP_113886670.1	91.429	35	3	0	3	107	1431	1465	6.73e-14	60.1
Sample:P3,Pos:40139	WP_113886670.1	88.571	35	4	0	3	107	1365	1399	2.72e-13	58.5
Sample:P3,Pos:40139	WP_113886670.1	93.939	33	2	0	3	101	1437	1469	3.06e-13	58.2
Sample:P3,Pos:40139	WP_113886670.1	85.714	35	5	0	3	107	1371	1405	9.07e-13	57.0
Sample:P3,Pos:40139	WP_113886670.1	77.419	31	7	0	15	107	1321	1351	3.54e-11	45.1
Sample:P3,Pos:40139	WP_113886670.1	93.750	16	1	0	112	159	1348	1363	3.54e-11	33.1
Sample:P3,Pos:40139	WP_113886670.1	100.000	16	0	0	112	159	1336	1351	7.59e-05	34.7
Sample:P3,Pos:40139	WP_113886670.1	87.500	16	2	0	112	159	1330	1345	7.79e-04	31.6
Sample:P3,Pos:40139	WP_113886670.1	87.500	16	2	0	112	159	1342	1357	7.79e-04	31.6
Sample:P3,Pos:40139	WP_113886670.1	87.500	16	2	0	112	159	1360	1375	7.79e-04	31.6
Sample:P3,Pos:40139	WP_113886670.1	87.500	16	2	0	112	159	1384	1399	0.002	30.8
Sample:P3,Pos:40139	WP_113886670.1	86.667	15	2	0	115	159	1325	1339	0.004	29.6
Sample:P3,Pos:40139	WP_113886670.1	81.250	16	3	0	112	159	1372	1387	0.006	29.3
Sample:P3,Pos:40139	WP_086874545.1	92.857	14	1	0	160	201	18	31	3.66e-04	32.7
Sample:P3,Pos:40139	WP_113886625.1	36.842	38	20	1	51	164	518	551	0.62	23.5
Sample:P3,Pos:40139	WP_011161934.1	29.630	27	19	0	104	24	204	230	3.3	21.6
Sample:P3,Pos:40139	WP_086874599.1	100.000	7	0	0	138	118	332	338	3.4	21.6
Sample:P3,Pos:40139	WP_113886592.1	56.250	16	7	0	107	60	91	106	9.1	20.4
Sample:P3,Pos:40139	WP_003647012.1	63.636	11	4	0	92	60	7	17	10.0	20.0
# BLAST processed 1 queries
