# BLASTX 2.4.0+
# Query: Sample:P3,Pos:40088 <unknown description>
# Database: User specified sequence set (Input: lactobacillus_johnsonii_protein.faa)
# Fields: query id, subject id, % identity, alignment length, mismatches, gap opens, q. start, q. end, s. start, s. end, evalue, bit score
# 42 hits found
Sample:P3,Pos:40088	WP_113886670.1	98.077	52	1	0	3	158	1366	1417	5.46e-25	91.7
Sample:P3,Pos:40088	WP_113886670.1	96.154	52	2	0	3	158	1396	1447	1.84e-24	90.1
Sample:P3,Pos:40088	WP_113886670.1	94.231	52	3	0	3	158	1336	1387	7.63e-24	88.2
Sample:P3,Pos:40088	WP_113886670.1	94.231	52	3	0	3	158	1408	1459	7.71e-24	88.2
Sample:P3,Pos:40088	WP_113886670.1	92.308	52	4	0	3	158	1390	1441	2.58e-23	87.0
Sample:P3,Pos:40088	WP_113886670.1	90.385	52	5	0	3	158	1342	1393	1.07e-22	85.1
Sample:P3,Pos:40088	WP_113886670.1	90.385	52	5	0	3	158	1354	1405	1.07e-22	85.1
Sample:P3,Pos:40088	WP_113886670.1	90.385	52	5	0	3	158	1378	1429	1.07e-22	85.1
Sample:P3,Pos:40088	WP_113886670.1	90.385	52	5	0	3	158	1330	1381	1.08e-22	85.1
Sample:P3,Pos:40088	WP_113886670.1	94.000	50	3	0	3	152	1420	1469	1.11e-22	85.1
Sample:P3,Pos:40088	WP_113886670.1	92.157	51	4	0	6	158	1325	1375	1.55e-22	84.7
Sample:P3,Pos:40088	WP_113886670.1	88.462	52	6	0	3	158	1360	1411	3.58e-22	83.6
Sample:P3,Pos:40088	WP_113886670.1	88.462	52	6	0	3	158	1372	1423	3.58e-22	83.6
Sample:P3,Pos:40088	WP_113886670.1	88.462	52	6	0	3	158	1384	1435	3.58e-22	83.6
Sample:P3,Pos:40088	WP_113886670.1	88.462	52	6	0	3	158	1402	1453	3.61e-22	83.6
Sample:P3,Pos:40088	WP_113886670.1	88.462	52	6	0	3	158	1414	1465	3.61e-22	83.6
Sample:P3,Pos:40088	WP_113886670.1	88.462	52	6	0	3	158	1348	1399	4.48e-22	83.2
Sample:P3,Pos:40088	WP_113886670.1	79.592	49	10	0	12	158	1321	1369	1.88e-17	70.1
Sample:P3,Pos:40088	WP_113886670.1	100.000	13	0	0	163	201	1336	1348	0.013	28.5
Sample:P3,Pos:40088	WP_113886670.1	100.000	13	0	0	163	201	1354	1366	0.013	28.5
Sample:P3,Pos:40088	WP_113886670.1	100.000	13	0	0	163	201	1366	1378	0.013	28.5
Sample:P3,Pos:40088	WP_113886670.1	100.000	13	0	0	163	201	1390	1402	0.013	28.5
Sample:P3,Pos:40088	WP_113886670.1	100.000	13	0	0	163	201	1408	1420	0.013	28.5
Sample:P3,Pos:40088	WP_113886670.1	100.000	13	0	0	163	201	1420	1432	0.013	28.5
Sample:P3,Pos:40088	WP_113886670.1	100.000	13	0	0	163	201	1438	1450	0.013	28.5
Sample:P3,Pos:40088	WP_113886670.1	100.000	13	0	0	163	201	1450	1462	0.013	28.5
Sample:P3,Pos:40088	WP_113886670.1	92.308	13	1	0	163	201	1348	1360	0.040	26.9
Sample:P3,Pos:40088	WP_113886670.1	92.308	13	1	0	163	201	1396	1408	0.042	26.9
Sample:P3,Pos:40088	WP_113886670.1	92.308	13	1	0	163	201	1426	1438	0.042	26.9
Sample:P3,Pos:40088	WP_113886670.1	84.615	13	2	0	163	201	1330	1342	0.13	25.4
Sample:P3,Pos:40088	WP_113886670.1	84.615	13	2	0	163	201	1342	1354	0.13	25.4
Sample:P3,Pos:40088	WP_113886670.1	84.615	13	2	0	163	201	1360	1372	0.13	25.4
Sample:P3,Pos:40088	WP_113886670.1	84.615	13	2	0	163	201	1372	1384	0.13	25.4
Sample:P3,Pos:40088	WP_113886670.1	84.615	13	2	0	163	201	1402	1414	0.13	25.4
Sample:P3,Pos:40088	WP_113886670.1	84.615	13	2	0	163	201	1414	1426	0.13	25.4
Sample:P3,Pos:40088	WP_113886670.1	84.615	13	2	0	163	201	1432	1444	0.13	25.4
Sample:P3,Pos:40088	WP_113886670.1	84.615	13	2	0	163	201	1444	1456	0.13	25.4
Sample:P3,Pos:40088	WP_113886670.1	84.615	13	2	0	163	201	1456	1468	0.13	25.4
Sample:P3,Pos:40088	WP_113886670.1	84.615	13	2	0	163	201	1378	1390	0.26	24.6
Sample:P3,Pos:40088	WP_113886670.1	84.615	13	2	0	163	201	1384	1396	0.26	24.6
Sample:P3,Pos:40088	WP_113886670.1	83.333	12	2	0	166	201	1325	1336	0.68	23.5
Sample:P3,Pos:40088	WP_011161934.1	29.630	27	19	0	155	75	204	230	3.8	21.2
# BLAST processed 1 queries
